-0.011420233836780477
0.00031412167420323631
-0.012625359439882529
0.00056880620879258634
0.0082032424454120019
0.0041022449314042971
0.0072002788438157031
-0.0058646427076174306
-0.012909746106957675
0.0045060704754643259
-0.0055814808264942331
0.0083422978155990035
0.021677081946862922
-0.020643499886464071
-0.012803173784010975
0.0041282532599870485
-0.0026018129240049223
0.011203033532112345
0.030725369230098148
-0.0058622312539445033
-0.0037441768689860516
0.013319106840382428
-0.0048031953487324454
-0.0037518575172782523
0.026525976044767384
0.007014289523146186
-0.028579173565892624
-0.016343727512731648
-0.0074258667854637467
-0.0066728934255464601
-0.022161577889670676
-0.025355654133156543
-0.02588972892368227
-0.026820463604504054
-0.008729470099595708
-0.0098604899639146114
-0.020316277630986167
-0.0244627319946207
0.0090864036718148657
0.019844174334023613
0.00052052314605187822
0.0015055203167562217
0.015084351802868483
0.00048971245237014851
-0.0036573568604240034
0.028894503074176629
0.013608032867948015
0.0010979958936430433
0.0017908906532662161
-0.011926970934979244
-0.01690354651521345
0.021302103407281486
0.0076229870543407224
-0.0055625741270311372
0.0033965040838372131
-0.012689596145286719
-0.0037839066363688821
0.0055593703869455295
0.0029155858561048182
0.0093276565399898724
-0.0024815335964576677
-0.013043190543634786
0.0010385640831407591
-0.011589050812223011
-0.0040074638137475973
0.0067213951148699814
-0.0098317442995205437
-0.0014299037240750284
0.0077044708133179873
-0.0020806701449110924
0.0077141147627483812
0.010611244831390452
-0.0042326408425948136
0.00017623423538206361
-0.0021401271617194984
-0.0024090863776658322
0.0098004699092006688
0.0031796176656002755
-0.0038699523657991786
0.0040845180328523455
0.0066835542622201713
0.0011241020561073953
0.0053943758770558133
0.0040229905411158732
0.0060956185062739617
0.019233978183386291
0.009026807510216079
-0.018519922305820516
-0.0040814075514604047
0.024660435942698351
0.010787065245856275
-0.0075953151265085433
-0.00048048765946726371
0.0062068312038991349
-0.027249643738598461
-0.064462583053624636
-0.066441320996707062
-0.029481781348419837
0.0046245818155630416
-0.0065855569125847146
-0.0090196409206255747
0.014184644460244098
0.017875668739567845
-0.01061305107657637
-0.01353208117741142
0.011600005673157412
0.01750297337089942
0.0070825998219608173
0.0045675177487197131
0.0063849693312764072
0.0035662880006460734
0.0068033158527471245
0.0028041302378706261
-0.0026279116309015447
0.0043450382448768608
0.0093964058064359094
-0.0018788910244325037
-0.0021470163385134996
-0.0018330220942909389
-0.0043697257555040357
0.0096581610758843164
0.0036507345398841639
-0.0022401763119853802
0.0080340454412744667
-0.0036210381265712448
-0.0080033081514385741
0.0061411310656375052
-0.0052848161711386921
-0.0066605238875963851
0.006570774029599151
-0.0053822764000481743
-0.0042162260991614499
0.0070222498714156891
-0.0012341970508616511
0.0011987045582533967
0.01258462903107932
0.0026150806938305938
-0.0013363354322120918
0.0032126015902616137
-0.001473789022659762
0.0065647896361106621
0.012721955607790035
-0.0040976634224311262
-0.001156351430952563
0.014247705603366936
0.004450449587792611
3.1910848139170452e-05
0.0061318086097818855
-0.0032659298721889572
0.0078449757035086616
0.022094336569118082
-0.0088496461413595587
-0.023333059732125898
0.005207926757331849
0.0050192998142081623
-0.019231613966292728
-0.013503062257814447
-0.0041214724226899795
-0.03832739771061848
-0.084680047131579256
-0.08744342866842339
-0.039744591105366427
-0.0068920401347079231
-0.023740867534691183
-0.021217785305640717
0.009541217379684986
0.0043178223673055998
-0.020641655703881504
-0.004780132062780002
0.019382272640884362
0.0087155414367156188
-0.0022740668350215354
0.0039453323615569955
0.0013109913972739655
0.0039207359981299778
0.011302414362294039
-0.00075065226585343571
-0.0045795391647128116
0.0091056889833054256
0.0050158931851512819
-0.0012165660973152631
0.00094190855316200923
-0.0029209437644416338
0.0032098061012308977
0.011851938462103062
-0.00011482079480963831
-0.00042066407043320707
0.0060106176414989236
-0.0052223640075273903
-0.0017761188256121762
0.0062779475913232055
-0.0073014357363784445
-0.0049745092903142919
0.0031394014424568307
-0.00023870151802960122
-0.0058561316935891207
0.006488634229494813
0.0058070619459964206
0.00014321833019034997
0.0076671854718900617
0.0065343373346621212
0.0034341382347526303
0.007830756945074055
0.0044256606686604617
0.012201570708885019
0.021291218010646717
0.0045383826328855249
-4.6117749805026694e-05
0.015350398691454024
0.011803454572135786
0.015950100582054021
0.022018338980109818
-0.0037156767202592127
-0.0074168146963076338
0.017236188309770781
0.01297511713075624
-0.0010311667762030357
-0.0015189396726857846
-0.01929637520395578
-0.044024752642988468
-0.044074495097063134
-0.028057566021020035
-0.0069951229599529057
0.012825316930786625
0.010076296553907972
-0.010767524597562065
-0.031403107148317101
-0.045125752542824915
-0.04070813879698594
-0.024211166351913772
-0.0079060619084764822
0.0052335082574810525
0.014750285944426973
0.013975260497186257
7.806464155003974e-05
0.00074872277282936068
0.019945488336574418
0.018815393827775487
0.011458847981372745
0.01277294918930272
0.0018928507224152938
0.0044060234620119394
0.018602128270211626
0.011485605219924984
0.002558234835554252
0.0052992896919050025
0.0033713546789612024
0.0085448009423426396
0.0070885415129642157
-0.001395723301805566
0.0059150439050712957
0.0051143736706683925
-0.0054729560121858419
0.0029471163571863327
-0.00014111858006983361
-0.0039317152884507933
-0.000924989776319508
0.0020293992375061006
0.0051716988514773528
-0.0058871912694334061
0.003126971330701697
0.011076871639894618
0.0045396607652046323
0.0055028221799516934
0.0079672476598440945
0.0079863826380338829
0.010409115225144195
0.0071506336652536421
0.010160239175308172
0.019583022916997012
0.016990275219410232
0.011717806243171584
0.012168396104585822
0.0127706989170383
0.022302253900778495
0.028821250546884197
0.011584497613548784
-0.00074902948958150578
0.0040146822333545253
0.0039017221799279764
-0.00035616560385622444
-0.013906193140453955
-0.034127160280137472
-0.029868496184693411
-0.0069826455369551036
0.019062260400766917
0.079301678254871416
0.15687591788232821
0.15760889187998392
0.074113185915288565
0.014949898350545127
0.015200432019466184
0.00052797686077506872
-0.034579201115217013
-0.023250671035754306
0.0080741038481118264
0.0079602617903101296
0.0030065963428548281
0.0066343208020432877
0.015068146394585789
0.025419707991351428
0.025052277401452282
0.01590095416427819
0.014143089523174647
0.01332149574746007
0.017765437128950921
0.021182304702541826
0.010276150217877953
0.0041878940305268729
0.009399148128103163
0.010036045060204671
0.009131195545390677
0.0037060800996209036
0.003463817662128174
0.011716994518464715
0.0029500218357211435
-0.0041778876471805738
0.0045397644825567376
0.0010343395865448173
0.0030516772801487584
0.0019219015171312625
0.0034471978184069745
0.010399986451582608
0.00036901483709896618
-0.0015797501999383328
0.0074574245240307925
0.0097922435814262639
0.00829438559253972
0.0081459498574622258
0.007778756603027976
0.0097366695679934195
0.010140658223790825
0.0085086687191013952
0.013620003460097159
0.020463795522377249
0.019397966378358396
0.015052106529460891
0.018289689678242908
0.024097962922747445
0.021098576395313297
0.018331772219347998
0.0094338421464093686
-0.0093666899743649126
-0.017222815901058293
-0.0055076860105820313
0.0042631164518535623
0.014880755189738368
0.053949672098310725
0.10022239416439312
0.11517449916534503
0.1307019106875037
0.17312277545459004
0.17851124308608957
0.12663029476559806
0.10522201451241624
0.12665493269063799
0.098367133873364113
0.028015173204907373
0.0028929337124822896
0.0033366687861886694
-0.012887568137056117
-0.0071947811630548386
0.018088093706836377
0.023132070406854621
0.023812545504835275
0.026723169294776264
0.021935910614757238
0.018692209066937655
0.017256292629765281
0.017788980945752091
0.014654961784066979
0.0078998385843695729
0.01010415861807952
0.013974063318458144
0.010277540546808045
0.0060100689745079964
0.0061692052136270107
0.010193283552365975
0.0094637124806953559
-0.00028212774151116472
0.00076135428937706051
0.0076421674685345116
0.0044993774678645897
0.0022589265901166644
0.005016190649778228
0.0053514615221139849
0.013706718233469795
0.012943736994967625
0.0012974776670332199
0.0023566009660630923
0.01162601635961966
0.015868758161815596
0.012702137110401695
0.0079987055016733644
0.0066146002827474782
0.013721322306580906
0.016905866431012415
0.017717572918361148
0.020956160126960326
0.018971607892765672
0.019541801942890957
0.0235126481157081
0.020172255529491971
0.0098365486688275373
0.009223840299453067
-0.0021089848888112012
-0.01277906425339399
0.011182650409971294
0.058593906105428396
0.099651730075700981
0.12125246209760464
0.13154836757829708
0.14237522225746488
0.12916082348573873
0.08806300758584916
0.066554440896589184
0.071134628535472838
0.084632781325995179
0.1158737029734576
0.14649687129405642
0.14722390614401051
0.12661178512599169
0.098945611494502012
0.058113962626409776
0.012263549279044182
-0.0063921732192113749
0.0029932202133514186
0.013192618062517984
0.021896850791465892
0.026407840191626702
0.023926382470238344
0.018552636759706517
0.015509905912867142
0.017392850959741829
0.017719435012628924
0.017015684886185441
0.017293048400809412
0.0107541912100617
0.0038981472204264664
0.0091315503617111996
0.015767070132339439
0.013593191195336552
0.0048695360407059306
0.0012018798393391918
0.011030285317156711
0.011715153279446342
0.004900636109292744
0.0065555864411884065
0.0072589583219698104
0.005627191573542841
0.012930661392506206
0.022602797041916197
0.014398012223509518
0.0035786046282652879
0.0058464276416221195
0.013959467487415819
0.0224083463761779
0.019602907386586006
0.010011559324505138
0.012085683708124021
0.018364142050458488
0.020981193498792797
0.024824882323825622
0.025200791528068558
0.022227722572085377
0.022764814836264646
0.015489105388324756
0.019328733292152629
0.039332636586262008
0.040582494917470367
0.052819637170785999
0.10105628519781949
0.1470262082974389
0.17893701260486999
0.18597821272597481
0.15430813760197926
0.12320530566426907
0.10434037250780089
0.074094734524373027
0.047746818800097589
0.045182905582377503
0.069785548608820344
0.10021853233742727
0.112253735844449
0.13858390872289764
0.17949010618605596
0.17646435860198667
0.13753885710442093
0.098883682282014357
0.054301975413617268
0.023538240564275292
0.021665729952332305
0.020003732420392616
0.015252440097046162
0.0168958726295582
0.018348408463263181
0.023844642781406827
0.027201644346612736
0.023580814602339076
0.017874447866078426
0.010933277530449419
0.0057629031007233123
0.014172202941324853
0.022878351519314465
0.01757264590739032
0.0082235492367956579
0.0038666771544092534
0.012079955494021509
0.020501943121200239
0.013975517266255037
0.0084216718118131067
0.0096929082647853743
0.012264263275129991
0.0047198431777660315
0.0064545750075479481
0.020736430847091161
0.027093742515374442
0.018212039982422743
0.0086659644416807492
0.0051083328541430481
0.019317036756706877
0.033151918250965806
0.026902429023443978
0.019656426649360098
0.01600744264567398
0.015020621663299635
0.024803011230759564
0.031516405269041363
0.030798475500943213
0.034611611653323285
0.038567580687378915
0.070136805515026157
0.11132279085853328
0.12547929490372403
0.13619253818513127
0.1516883715482289
0.14542630451474406
0.14113531086917055
0.14138167405457591
0.11664757597179981
0.090235066951020348
0.087928268867376536
0.10465133954674098
0.11888282342538833
0.10730660321637314
0.094924950602084612
0.094746455961071396
0.084433253047403206
0.098643840730351595
0.138007811718664
0.14088217827415978
0.13467732741807398
0.14872959729127117
0.1335643990850533
0.097987075036840565
0.077659318590672571
0.055549617172154592
0.034071763909757684
0.02766424080775411
0.028956569371616576
0.034407335609303272
0.029192340376200894
0.015165141730781026
0.01124612016437109
0.015501387326430756
0.023304689668637201
0.033419898131838148
0.024706481817434213
0.0082392908154069362
0.0070823442567653581
0.015888829417235548
0.024752622400117965
0.021221038351451314
0.0097834750677898846
0.0069199958916856038
0.013878320178141229
0.023791779861182954
0.013095392959213338
0.0037156787185081371
0.010520791981250171
0.024821796358045572
0.031204447194627102
0.025255438313116548
0.012659554473935325
0.0096214250026612023
0.023479179080092952
0.032712938518116949
0.034275188055779018
0.029289974141362869
0.020594750421916039
0.022008300973217411
0.027987286345244278
0.027585700963267751
0.041171031605959141
0.067884202009464545
0.084820304655366566
0.083668992736209119
0.071304808725432017
0.059762947122729768
0.044505695600972978
0.02266149036567424
0.013200640645829195
0.0092509236403969415
-0.0074134450248261059
-0.021215083446404721
-0.013348059073303362
0.022919812041894992
0.057014595062471252
0.039812246527325727
0.0030042291156360361
-0.012808998981955
-0.02193497449092301
-0.013984544212521138
0.0092454989509509408
0.012132848737876744
0.017104620880833914
0.044044811544408202
0.060535319575050782
0.067484081086815501
0.078523641634665881
0.080276344793269006
0.066348111477478905
0.043551449475318985
0.030267214100065252
0.029041506845975628
0.020427437585175255
0.014822037591999508
0.025374842133758919
0.035218831106610816
0.034999086663778732
0.026617533955120121
0.010709423831376248
0.0083275671010859982
0.021903532306726172
0.029924453631198628
0.024567789457460652
0.013500004187254199
0.0059034354666021088
0.011949900778682115
0.019724186904902286
0.023167532878751722
0.022373812305654547
0.011395136072733097
0.0033388278863802582
0.0091734927343568515
0.021192384552661796
0.030947570254086967
0.026247619779485323
0.011835809553511526
0.0083993269148861221
0.01681375156230136
0.027941996967717125
0.037134383081594904
0.031677189729601464
0.024348459815356015
0.023115821087345282
0.017630860920206739
0.019986444224689332
0.031755581097429257
0.016688406100448645
-0.024930322548312199
-0.059641093394962402
-0.08260440615571428
-0.094996648213822615
-0.088606213377614415
-0.07599196990602973
-0.080466931133130526
-0.09853677092112402
-0.10924927209501943
-0.10206104890207178
-0.084907238962102477
-0.078387228110106288
-0.089088370932676603
-0.10173408101367737
-0.11095732204058388
-0.11363727708358706
-0.099810311688296058
-0.082420643517982992
-0.078527109610267792
-0.085599565229740923
-0.094260830834189513
-0.084452953135153663
-0.047272084150530899
-0.0057004743768843368
0.023821554740979346
0.033978063205153196
0.024202598650072345
0.018683128181386198
0.021131588671246253
0.020258435247645815
0.028423344930213396
0.039131669018477977
0.030966845786143372
0.017144292130356314
0.0070606911654139161
0.0075299962322733765
0.022685653512279053
0.031500109350824167
0.022271854893731392
0.010575278236530119
0.0047681644973489659
0.0086635294349972688
0.018109035119310682
0.021730683500524064
0.0079650186386053378
0.018356524627466356
0.014848780824794849
0.0058975876798503749
0.0024406128692664583
0.003564119348547644
0.015258374775511174
0.025507055506747752
0.019761181221933467
0.013973203960860235
0.011776853329411812
0.01224787351938772
0.023705525195923054
0.027018327370691465
0.0196377513924893
0.020996351167560105
0.018613549525686165
0.0024991677964314243
-0.014065107523082617
-0.028380409704722706
-0.035476980001467963
-0.034095878550022649
-0.042813756262401977
-0.053183234500942519
-0.051080114199493973
-0.051082168723831985
-0.048568110834832742
-0.034971673694776891
-0.024021222842613578
-0.024260685497195435
-0.048526177233144924
-0.083051336883461446
-0.072827342898841324
-0.034633606188933075
-0.025015471117378597
-0.0304203265127337
-0.034826726881313635
-0.04965152961161557
-0.052126406333408294
-0.044634696086497533
-0.053234104340585023
-0.049859041320033569
-0.029304996387877178
-0.024903380799237703
-0.025931037925313719
-0.013721991419575478
0.0036827868247540736
0.01815816226719592
0.021506401093158278
0.020689093835644295
0.02877448419256446
0.026386302172962079
0.011235459497610316
0.0084790334280921247
0.012671797192248379
0.020412915349941756
0.028275985117184634
0.017623482915655957
0.0032806279583825261
0.0023486232766557992
0.004722149890201692
0.011515549163321722
0.01681252192676895
0.0092561932315157764
-0.015662981359561571
-0.002836517849472627
0.0056741163335932588
0.0037987223190707525
0.0023314220962400056
-0.0010500516869235909
-0.0013013978593851435
0.0090392067944212885
0.014952614367727327
0.016003457521144029
0.015485801041883109
0.0082619816875077936
0.0088552297004886506
0.014231125376847323
0.0095658562609758947
0.009931049663686119
0.016371608766607204
0.010396983802925835
-0.0019159745381319925
-0.001383199410669853
0.025627846941868898
0.05838770745159489
0.065581517534154712
0.057552729791180902
0.038818808540902236
0.0068128715039383961
0.006607322241058795
0.047789778408009416
0.073385272645153446
0.061866551361187294
0.024579990854283203
-0.0053431500404541327
0.017869783384513008
0.06215881534980109
0.073256628882663835
0.06958544276718942
0.049118112028959389
0.0083034568314748671
0.0057902794365872054
0.040307230777548872
0.058982462594665934
0.06585244653867714
0.059895947835528734
0.025786693270202152
-0.0019510347337891476
-0.0014174068435904438
0.010748524520794478
0.017705575300006861
0.012937194835852157
0.011651221068755508
0.015372405048241784
0.0084255866744963638
0.0058139325693011773
0.015043211337052453
0.018037595445734599
0.016787410475764864
0.0094943308731873198
-0.002532480047811419
-0.0021168100883639999
0.002626269445512368
0.0032523216514139708
0.0056673068406108314
0.00021335641019073169
-0.012326224170335099
-0.022636673552408244
-0.02105823807309001
-0.01178398717044662
-0.010994722898592124
-0.0094254642114100298
-0.0097047684305426249
-0.013065231654567999
-0.0099479909403213437
-0.0040212448973858976
-0.0030719318463362554
-0.00080243688068114011
-0.0022663720028721392
-0.00416970917145198
0.0023091719702869381
0.0048605732713935777
-0.0009714603797136319
-0.00035052418811848732
0.0084763104704470727
0.015480627984900765
0.019206571542336376
0.033212692327040258
0.053705263431831816
0.060120190103594123
0.056652060709360935
0.045684278129906324
0.023254264535250729
0.020604225009657889
0.047333170707038921
0.060795004516869776
0.047810753610181451
0.034268546880065018
0.036751052135566509
0.051308121268830352
0.05840975243728691
0.057856698463353617
0.061910368505408556
0.049275606622156229
0.021305063125415483
0.021457206241377272
0.044266856944954636
0.058890465703730126
0.06508982145615351
0.055758041991851526
0.033109334630421837
0.021275421585083356
0.017266354580987627
0.0091123707589427817
0.0015823815601213663
-0.00019913268023521904
0.0036901213456455566
0.002116873560443178
-0.0037314736345581308
-0.00086700065925790211
0.0021661943936454129
-0.0018847370850649274
-0.0056503376422360179
-0.011375891912342504
-0.012736198977775118
-0.0056025566723823389
-0.0075469782988860134
-0.0095595608842835092
-0.0098414582777553768
-0.018236605147748355
-0.022159239572186677
-0.017616078844349053
-0.02341080266995502
-0.020930439496469666
-0.018825631665383025
-0.020213401422922151
-0.020956643018032815
-0.024724265239708696
-0.025836094750068737
-0.020360654931113647
-0.020326225029205929
-0.020052458762189539
-0.018288795715704464
-0.02194896819015605
-0.018777089235897819
-0.008265646630214318
-0.0058690685790991782
-0.010139579368615667
-0.0080294802981830619
-0.0010995052420798809
0.0032278762313277176
0.010697700245118322
0.027466705299234017
0.035089629060513008
0.021713595846016565
0.0093045789549332548
0.010648491995997886
0.018204685452957184
0.029182019433923213
0.036308357100666877
0.030033250960290192
0.023210248868170826
0.026667285138523993
0.029773361443250986
0.029580714690494829
0.038469063633519762
0.043781536981039419
0.030483658766659608
0.016659590704889097
0.012137856947278329
0.011053443534838291
0.02220176557970379
0.035443835230290849
0.026668237988913639
0.011011891342273478
0.0051284146218570316
-0.0013572671918308684
-0.0093457819476388364
-0.011108346869198342
-0.007890745426882147
-0.0088992713790564011
-0.016552260237716374
-0.019684754952157477
-0.016137987452660117
-0.018481165117078119
-0.025081056943635334
-0.019859513339440301
-0.02296158023480455
-0.020659273660191574
-0.019018735323037991
-0.02181144177429744
-0.019391446191825566
-0.019515549069743645
-0.0235199178922414
-0.019091553107343544
0.003115217680928152
-0.0103525765417529
-0.01784582119028829
-0.015764285116803046
-0.018471727326396539
-0.019435869630781168
-0.025550675869158511
-0.034330511119125752
-0.03274356070020755
-0.028439982080226314
-0.027018942735590301
-0.0250758022106937
-0.028332657150023647
-0.035599537116536704
-0.034792047980205534
-0.027382678909264501
-0.024019581472017645
-0.029486260247064709
-0.033274167607997382
-0.028514979818370853
-0.022251526350574542
-0.011517654962648474
-0.00058155735575570518
-0.011077506533419906
-0.027855170240714426
-0.023263086773000052
-0.01652695732244255
-0.01919619789158801
-0.013306570614205081
-0.0069914593282853921
-0.013677176886659762
-0.023256400823322448
-0.026610807889270154
-0.015679093545636857
0.00057457001092249202
-0.0053427026936384188
-0.020213427893428119
-0.018598110784325612
-0.01988819507045627
-0.025528488825865562
-0.012537798440101909
-0.0017679648134454736
-0.011455765968722442
-0.021878440495287955
-0.028533223225201885
-0.034081363379834355
-0.03051868763253757
-0.025238545105043857
-0.027818272590546526
-0.033839759690221058
-0.035614967034727919
-0.030367473669375297
-0.026257376739462133
-0.028502304725326135
-0.028974723305389288
-0.031385783937643727
-0.033251939839977672
-0.026961880744109424
-0.024015613271471514
-0.02065200330560759
-0.016413745431876355
-0.016933619418297324
-0.011826328843858591
0.0019358667327594842
0.017777302876506054
0.013382340924653249
0.0016356397612378591
-0.0033152885049954209
-0.0076017930728802374
-0.0088965241765764699
-0.0084334279932926706
-0.017712973079483024
-0.027866673203783346
-0.030634709407994273
-0.033110238997923286
-0.032354652693029694
-0.030155543953728159
-0.036918421338988587
-0.049958928946128807
-0.058188211334900861
-0.059512871644388052
-0.063525325438417449
-0.067600366871980649
-0.066075547765975629
-0.076098374366114219
-0.096010670079060306
-0.096575848339388565
-0.083265606254182362
-0.077184645702210064
-0.074075157633259961
-0.078808183956092057
-0.096345418633575777
-0.10446563202066672
-0.093998599426095661
-0.080951275320694377
-0.078353651206361341
-0.085921987877994446
-0.092154478865992789
-0.09666074768596386
-0.10444604226512683
-0.099296996650326763
-0.081280912779695805
-0.075605194164326567
-0.080020216053786272
-0.085528018641139514
-0.096342738103897027
-0.095224893262151666
-0.076707040647756131
-0.066341256626222644
-0.065760264638093979
-0.061617087529961069
-0.058430883190227087
-0.056620028850642878
-0.050151005481952705
-0.040069399513193077
-0.032947238968098751
-0.034123141148285255
-0.034367672156059306
-0.026189574495049123
-0.02837625065265827
-0.020246163358894162
-0.010546919514473785
-0.0088848994041827653
-0.0055653131525720328
-0.0010188643205688128
0.0010000282090552282
0.011961772768582037
0.018000468245992808
0.02361027209675861
0.027434173541974461
0.021394855315955804
0.014810058749520369
0.0065592137479941809
-0.00016262965281444418
0.0029137102519481814
0.0035931894346974383
-0.0058498214765275074
-0.017287083650793407
-0.03024573724576787
-0.040501286729465798
-0.044158397533906484
-0.04440830876267985
-0.051002213108809764
-0.06550065465053706
-0.078169537754637988
-0.08393968903794477
-0.088425343714536878
-0.09244002021776665
-0.10146975592376462
-0.12182136597175829
-0.13200024937513521
-0.11744286475538473
-0.10288095697718566
-0.10380832474457387
-0.10973731234215334
-0.11893305105337612
-0.13056826033843599
-0.12967500318423078
-0.11374215580623576
-0.1019214564451528
-0.10683988939620069
-0.12282227273830086
-0.13647273753920336
-0.13442122629969533
-0.11970623772850342
-0.11086204064790529
-0.10838141131733688
-0.10647786455592197
-0.11755658138385477
-0.13181083487902429
-0.12244863796645002
-0.10221307594373739
-0.092648972228015145
-0.087759099025896611
-0.083628712484864975
-0.077993877723385938
-0.064760446814334433
-0.050770110800488155
-0.043237583790688462
-0.040372048332508306
-0.037957985350483309
-0.028178621528258882
-0.016151507596025044
-0.0063712761064646309
0.003597114159784285
0.0054110211771022515
0.0028429413674922223
0.0082395738075306986
0.014051319099282927
0.019419543184527821
0.026944743425358745
0.023072834409362059
0.0093252541189380242
0.017365701965784693
0.017082396045654719
0.011513500368759966
0.005252387588988534
-0.0033960205500393808
-0.0078870874666531372
-0.0056286654543376514
-0.0048780598415457625
-0.0064491936226992175
-0.010911722239888316
-0.019713474846147425
-0.029798426181193428
-0.034538735986275139
-0.031643265666482151
-0.031359962272453884
-0.036410421048939302
-0.038295786060666789
-0.045293139313488794
-0.059103635640076403
-0.058860366265554971
-0.049812101147586295
-0.050051924717955741
-0.049412748875299263
-0.046841172363618233
-0.054948606173025466
-0.06040982172860325
-0.053697058907681089
-0.049991063859518819
-0.052392418091645715
-0.05303787976057886
-0.051255985382701673
-0.047821223127719178
-0.049201556127936447
-0.055542318050696579
-0.053805665849725022
-0.050567177988006452
-0.056914071816889622
-0.056254873636465759
-0.047276062353709666
-0.048086641632359789
-0.050423076341057221
-0.049973128550429152
-0.058117445132325765
-0.060034784045638626
-0.047576348207941765
-0.040224132436384563
-0.037885371046376744
-0.032607438850040443
-0.031323350806047381
-0.031668278366642003
-0.02711683952161802
-0.019015637071750205
-0.010403149431667952
-0.0060783765940339487
-0.0046257312411176043
-0.0041161779396554753
-0.0071109736431699353
-0.0055107892087512154
0.0022276986244778667
0.0089929338260093077
0.016099786174989947
0.018744490167165378
0.010184508139552698
-0.0031090974436383352
0.0038178637093245114
0.0094221996107207648
0.0080633164851691193
0.0080290526244255166
0.0074797785854256787
0.0054843733376686698
0.0055632737686514208
0.010134768551649112
0.018370100501104679
0.028225797182739737
0.037103343223461961
0.042180165830942896
0.042033254647419284
0.044948936628922881
0.053050159327858747
0.059857914061599175
0.067644405754544182
0.07213709849329393
0.063624014241355692
0.058161754352808487
0.064348756303433785
0.066561922640852395
0.067881501145159923
0.076190958082593782
0.079285786068734584
0.074170624716828837
0.074592440828303214
0.078885022383500925
0.08116511123819313
0.081806630478784906
0.081417225547202154
0.084690504805079461
0.083142974807218273
0.075405462783733487
0.072740588615154061
0.077462804437988128
0.079244011726737534
0.080699941289733998
0.076671475994230257
0.068468834038450777
0.066720169855964767
0.065212223800106286
0.058158697394451099
0.063322866434132041
0.072160044331493395
0.068149594981500278
0.059033543613858694
0.050560709449015098
0.042379044822846559
0.039067268605474582
0.037640706974261508
0.033642777568864204
0.027125911495498079
0.017574091706582678
0.0098752634787147298
0.0055010461770554067
0.0030982038388167286
0.0048940172621051246
0.0078199087188033194
0.0083541661598330787
0.010497455297849723
0.004933013457769201
-0.0044064848092414243
-0.0067750362745563333
0.0011124109714363327
0.019583046805309558
0.033126585349667455
0.040688941776420615
0.046890710615965073
0.054521261637096988
0.062100839489015278
0.066844605555909417
0.072220926710956784
0.079289576892997621
0.088664032246437804
0.10306721547659677
0.11576733672381548
0.12246485991623869
0.12931996496278969
0.13465004461965643
0.13809110052375126
0.14762368284196814
0.15475374949720755
0.15206436612508004
0.14576055954562706
0.14043903903509519
0.14020290007238867
0.14722702860213127
0.15739813616366094
0.16053700826367054
0.1570312261547723
0.15456611176146176
0.15439185186648624
0.15616896235908756
0.15788840847798002
0.15644112119966078
0.15165498894763663
0.14801343763396591
0.1516462566832022
0.15781259592270441
0.16079207439228194
0.15796638917962361
0.14832202800360103
0.14125852141923748
0.14188592654304505
0.14604993365507762
0.15126819535053723
0.15525991207448825
0.14920698108136984
0.13897377208300973
0.13476963673437251
0.12928876759375568
0.12191243602567639
0.11400147246726008
0.10132588354086479
0.088513264535810141
0.078994256861352224
0.070847660950642641
0.065994566663269388
0.061120803876649449
0.053778292778740848
0.048709970082795047
0.043203126108669575
0.034062879303236926
0.01994048370602686
-0.00034739209634848092
-0.0088986348083543807
-0.0070737790298321798
-0.0073389584334459246
0.0061394934259607313
0.029076227501529744
0.043520482552045339
0.045879888287298012
0.047319741792051957
0.054260822059651971
0.060276233795493114
0.063463783738651511
0.06567189288152521
0.064818549093087527
0.065230353404199984
0.071281544924987533
0.077143770851433147
0.082797465025018779
0.087303200241208107
0.083809540775963878
0.079643795072257231
0.084875119332228494
0.090506197613436992
0.092500833261103046
0.094947981620541744
0.091963631607673332
0.082981133919017
0.078696306172400227
0.083820852729119252
0.089075022585849081
0.089844549235818902
0.086508250706177486
0.080862998901961872
0.078334455606563186
0.078149326006933389
0.082452859240394846
0.089443482695767074
0.092672242913015013
0.086285745399782704
0.080045539721428985
0.078536363900932049
0.083182656386918991
0.090957145093238115
0.094303123368974173
0.091132595652993961
0.089434298522091379
0.084140754475986651
0.078544815311236624
0.082308348383119512
0.087938949686753906
0.085546122239159417
0.080011472279831103
0.07398005504981045
0.068449571167967682
0.066972584877216357
0.065636913777782607
0.063303029713062398
0.060808580279032229
0.054249322757854129
0.048182950891003613
0.047423348725628388
0.042852385571456819
0.027592665829020653
0.0054471699240079604
-0.0082421187242956058
-0.0064441458484944918
-0.0061632278184341575
-0.016847346728652665
-0.028599250333867784
-0.028048996670499277
-0.016943794681956181
-0.013419687889002116
-0.021777242236966345
-0.028730029514672597
-0.029700273731336952
-0.029902741510679388
-0.027830107662860828
-0.027409190522519371
-0.033540937056849317
-0.039490108102826958
-0.042403683363580948
-0.04353069325349683
-0.039641859369502271
-0.036040373307164392
-0.038918355289805889
-0.042049613892364709
-0.040574575621614838
-0.035359289846776991
-0.027864234515053609
-0.024939968320359076
-0.028137521869724662
-0.033052159690037781
-0.036654322896435658
-0.037430471660488233
-0.034342417381447568
-0.032871896737008702
-0.033769728370983874
-0.034855753817150198
-0.034028649683280864
-0.031619738378384325
-0.028844376666486309
-0.032599382440845773
-0.038738199100314175
-0.037012317416804982
-0.032224469325410149
-0.028942382233677288
-0.026870458179656727
-0.029435068232622721
-0.03645305136594551
-0.041148756660044916
-0.042606620894419314
-0.040318512505638462
-0.037383719487656092
-0.040269828354052961
-0.044491903006633138
-0.04374396272132957
-0.039847478158896513
-0.032869696986934663
-0.026846664069384643
-0.026737467821662537
-0.027418247235838467
-0.027712479633359779
-0.027783125661138972
-0.020798455930673053
-0.013949557071771217
-0.018708883731326481
-0.027851905221109231
-0.027664228020455785
-0.016021662972126007
-0.00028064434948236826
-0.0017218867841820404
-0.0064918233327996766
-0.022030813311676993
-0.043531914546355813
-0.048825996726030954
-0.042035186411859306
-0.043156760207337663
-0.051851329605616718
-0.058013687651050111
-0.06388968714625344
-0.068936290013499976
-0.067743872622298834
-0.066556900134798314
-0.068268704320196494
-0.06988294585780451
-0.074373099535764098
-0.078218622574013838
-0.073909243920930456
-0.06713858822981561
-0.065292644345752909
-0.067033010921385167
-0.070692097846605337
-0.07355540626919084
-0.071867443839350356
-0.062924385464584384
-0.054319344653290906
-0.055696317627441538
-0.06317920047446958
-0.066704372018887556
-0.062738796016079817
-0.056445585799890813
-0.053814508639896744
-0.056308988488496331
-0.061733643412393756
-0.066031415405555363
-0.06651020716743139
-0.06060684261898408
-0.052693937110689981
-0.052581942698566489
-0.060984665773771998
-0.069623900308818779
-0.072355763929955616
-0.070090868101702092
-0.066347979781051211
-0.064972589924675264
-0.066951621881974774
-0.073737584946830109
-0.079573254980217417
-0.077172063173678057
-0.072238315474376397
-0.069909131912199066
-0.068120946467323279
-0.068564374106546394
-0.068463192429979461
-0.063637204322811142
-0.058833584466976022
-0.05205647966979017
-0.042922119778135912
-0.042520351336931134
-0.048072743812174634
-0.041681792916415411
-0.021886011320075432
-0.0052068446163001918
0.0029014114922595743
-0.0039586744118377312
-0.00085457907896689298
0.0046922748263570459
-0.0016163862731893134
-0.013977666531814151
-0.013399782225711705
-0.0075457397208168013
-0.0081031052353519525
-0.0091426031445925437
-0.0093764366944145919
-0.013493795785798186
-0.0180425783627308
-0.01704102108466066
-0.015971269112406612
-0.013818734836328433
-0.0124204725533845
-0.016702292676203108
-0.022362887991925397
-0.024004324226671311
-0.023919737709130164
-0.023856511947572493
-0.025004960892161129
-0.028424055159834136
-0.030587531527616434
-0.030418372478601897
-0.027314834736260545
-0.022651784725353358
-0.020066035069028855
-0.021632995781656551
-0.023646165472300147
-0.025447353488038484
-0.027246095198704228
-0.028878403599117336
-0.027538643839517277
-0.025160032092087576
-0.021963970435856746
-0.020163957390613853
-0.02372691207655804
-0.027732599112727383
-0.028231768416066439
-0.027976705147048898
-0.02767360726423863
-0.024791210912781345
-0.023201415930915441
-0.023763287026548806
-0.023756372677770882
-0.021424552301871597
-0.01550799595380167
-0.010791737499737284
-0.011427621636621772
-0.014862808207262473
-0.01759427615130349
-0.01926207630369596
-0.015424005265177209
-0.011869014498958944
-0.010947003048283367
-0.0080462104416765927
-0.0084158596098023366
-0.01413726195375381
-0.013619427027188689
-0.0025806487525834544
0.0024663699978278971
-0.001679753875197979
-0.0093841795719349468
-0.0037789562606134097
-0.0080981111422595044
-0.0023554213362688907
0.0082290969050921939
0.0066028978326997893
0.0020285487510947474
0.0053220914871479385
0.0067586551868985614
0.0047450170469577066
0.0085345370202636658
0.010573466631794247
0.0078719224281782723
0.0072529772548190225
0.0052083690526217264
0.0025825117997380753
0.0031028577889797757
0.0054909300811780744
0.0044590164404247007
-0.00014186050545426942
-0.0036860941077786471
-0.0036767414156328982
-0.0020895333734824322
0.00066044830034452529
0.0013731147954949635
-0.0044492971441909279
-0.010254139582460941
-0.010129119522233767
-0.004327056568422364
-0.0019987331103422518
-0.004137666132399207
-0.010349492757616209
-0.01428486558693539
-0.011754802699166452
-0.0059397027148234806
-0.002947756439701645
-0.0038519972232239777
-0.0064770058887548684
-0.011697563587751638
-0.010959680288686666
-0.0053747624220284113
3.8923175273367983e-05
-4.0598992100971125e-06
-0.0016636405094141026
-0.0032369488861804605
-0.0033156515215498599
4.3586073755392824e-06
0.0046156764608807277
0.0058108108660514602
0.0042748167634420698
0.0038431606185469949
0.0058341540600461983
0.0081385171460725495
0.0096907246652815273
0.010936987063139907
0.00793872394879876
0.0055851525287257866
0.0072214964379356513
0.0046005013062353408
0.0015559458452600672
0.0058094615214728364
0.0061286517435515542
-0.0031075408809048298
-0.0082197781006211838
-0.006388476445019874
0.0027560142206640072
-0.0035720072078429376
-0.01345711970751284
-0.011314795039956468
-0.0071177821091898694
-0.0098188867906467813
-0.0090682048004223342
-0.0057063138288835314
-0.00892296147607783
-0.012463308349985002
-0.011717766279568154
-0.010393721611340565
-0.01031728274485885
-0.0090258371854496696
-0.0098981938900324865
-0.0122366730902701
-0.011264578123928049
-0.0082974758158355887
-0.0045887323620590493
-0.0033229800652156451
-0.0022711797755486851
-0.0012771031606995296
-0.0021325461122415155
-0.0037964840560539646
-0.0048838470612147852
-0.0057799962179106781
-0.0080279361366004925
-0.0078103835387350615
-0.0065323943193443881
-0.0085578805862398938
-0.0072008033575585639
-0.0069272671015512353
-0.0059829537736763114
-0.0064838221368500983
-0.0066282812003729949
-0.006294118749769444
-0.0066309404582237039
-0.0062628984107259717
-0.0056726916502249664
-0.0060540734534259549
-0.0043405176112404284
-0.0025447640524203429
-0.0015730408899182044
-0.0025660060526712949
-0.0036845298510422122
-0.00462460519125863
-0.0093263804226595328
-0.012547913722231331
-0.013278882066183308
-0.011028952621878356
-0.0089640668372435086
-0.009054263387056085
-0.0087592848412546137
-0.0096705830137713313
-0.010816887613775592
-0.0079443167634587111
-0.0059930687395933083
-0.0085113244823301903
-0.0087124702236012902
-0.0064755819572594317
-0.010344043217924093
-0.011124179103821848
-0.0023182753741840959
0.0039359940985362026
0.003048218193604024
0.0084168795546329476
0.0025724140782708966
-0.0057058621043974689
-0.0051652991332082603
-0.0049746157319877178
-0.0075166042024313847
-0.0038981446613739041
-0.0009181348049296593
-0.004216704509795252
-0.0064568624999479527
-0.0060112825720758612
-0.0067307809822118427
-0.005496172474854925
-0.0024907147092924128
-0.0020802908835454706
-0.0038987483618959399
-0.0046813555185845554
-0.0048988513979972507
-0.0052454129385174292
-0.0045513600337539848
-0.0030997640125767466
-0.0039711196599412244
-0.0053799836662196928
-0.0055937443620197704
-0.0073998015512063055
-0.0052647609992278093
-0.0032750928847826866
-0.0046505697250630775
-0.0057697072489180969
-0.0059730919005780495
-0.0048888115161133255
-0.0051418866000136759
-0.0060754811642313713
-0.0051334853703875905
-0.0029739132579961604
-0.0044865629862681222
-0.0052617808916021382
-0.0064358302993134482
-0.0054060449409564434
-0.0043909156248480513
-0.0042537992104287438
-0.0044396490848449318
-0.0058418344156900706
-0.0056558832705034074
-0.0048397804134999983
-0.0049647571985154716
-0.0035544591265346953
-0.0011060933167962926
-0.0020951133714401412
-0.0057839965949349524
-0.0078806475556581716
-0.0072084369092720573
-0.0073099364901279013
-0.0051646736863924375
-0.0015152585911481745
-0.0035222408802557271
-0.006196362574058918
-0.0038719675386673516
-0.0045547200607109163
-0.0044080763913304311
0.0035533611378611562
0.0080976691605332846
0.003665718966776141
0.00019256419456197243
0.0059595176427824073
0.013589389226153718
0.010622018250566249
0.0084406397587215645
0.0093314670037152603
0.0059054969535759809
0.0046055689795188905
0.0071742555275209176
0.0081507670687008069
0.0073032499954886866
0.0072081420530592018
0.0070541666663939554
0.0046487148676768505
0.0026328559248978015
0.0034364435985692384
0.0029404253467238215
0.0030740988122341965
0.0018197947119419863
0.0012785185778811116
-0.0010460505791581168
-0.0012642342538374369
-7.1672624139615032e-05
1.1898899371675983e-05
-0.00083147601178263102
-0.0021804164256915282
-0.0024154981814772138
-0.00020662297283805916
0.00087274238040878501
0.00017387191428929613
-0.003371836862854478
-0.003823527276349993
-0.0038007400194571958
-0.0021596309032366982
0.0011749610503785563
0.0015318649040489834
-0.0019579914957990347
-0.0025361681289022787
-0.0019669351005627256
-0.00038252427603659037
0.00043351710469590469
0.00039225085691039986
-0.00041936026337931312
7.6268551526913734e-05
0.0017378475922488422
0.0014719360139732679
0.0033060317840940549
0.0027533969133943441
0.0032868571291694206
0.0028456193473511181
0.0042789546586604853
0.0061664117280971513
0.0067634612747231185
0.006599071178098527
0.0074896724731216046
0.0067042857183112637
0.0044386203547036153
0.0048107027968307143
0.0074002883347283402
0.0067602717982297219
0.0095517311264928344
0.011879772052512708
0.0042077159621213174
-0.00013563335353901457
0.0034024588192807983
-0.0010564593545349097
0.0034531951551004603
0.0053584580401191493
0.0048916175527548983
0.0055678989772127039
0.0069856335808520659
0.0057460939209596105
0.0074325224531829525
0.0050899584235544835
0.0049252102022411398
0.0032235033936870781
0.0045445349214866017
0.0041255428953188488
0.002585428353746332
0.0015381986032392064
0.0022202144070632653
0.0022396229310325073
0.003751320454180391
0.0066082004437327995
0.0076983068747369012
0.0062944023913470894
0.0033843366002626819
0.004331131657926892
0.0045168361083362243
0.0039538502346081524
0.0028438918310426759
0.0023551773755531484
0.0029130189591922706
0.001442714413585096
0.004080525443485845
0.0034247751193341889
0.0027124423421013765
0.0037509888350438334
0.0030928270529405706
0.0032348163756637143
0.0033285327602032579
0.0039492660592157251
0.0037237906892384287
0.0037498421219458802
0.004583346024220991
0.0049216959728483429
0.0071122973453014229
0.0082758875929185727
0.0067440232535785774
0.0040351503245662154
0.0023959729991990491
0.00141628159370245
0.00051502456585722392
0.0029503475674324711
0.0050856219208767197
0.0048918326087469379
0.0057913527103109277
0.00480718066269101
0.0051683257450753292
0.0060525318131074562
0.0050248187502086429
0.0053944043855214362
0.0047693816782323397
0.0046883866988414579
0.0050922624085273822
0.0028762815555075259
-0.00092859214129291964
0.0032284612205393708
0.0055676183742024415
0.0013080422034417157
-0.0021562705096406149
-0.0001106501414802464
-0.0010826850430380609
-0.0008771701757896125
0.0019909770780238323
0.0033594759497781509
0.002070156187006835
0.0025718717622064788
0.0041780436213737972
-0.00075721587202449145
-0.0040954365170117026
0.0070828003839922948
0.0033492745460257426
0.0053341170958516307
0.0049528639597474083
0.0043092136039520603
0.0038989572858893649
0.0041156030666658324
0.0047692456806205825
0.0067817663887945034
0.0075668879436149123
0.0061028537903749262
0.0075095182452005055
0.0087946835361503179
0.0070681800900326604
0.0055724439706503481
0.0059403827063583634
0.0041662215959336266
0.0067308870688136237
0.0064799308685161627
0.0066358527998182353
0.0054111960679241577
0.0043855310073196404
0.0062207503384443929
0.0060976118908048042
0.0071092832834343768
0.0066726523404733494
0.0067083821288704461
0.0047443023554263296
0.0064037006113765831
0.0076395733923345609
0.0040761870632805173
0.0045732077034026132
0.0047801500498825091
0.0055202102764837693
0.0057664675533821543
0.0055389922876014864
0.0045862923604689451
0.0026906205633245393
0.0013661809326625187
0.0032504681210226002
0.0039185403503360543
0.0048705444539219496
0.0028801864853192491
0.0016177314239852864
0.0028102639880382154
0.00065976949208160218
0.00024096571212820934
0.0010519798390233881
-0.00088641362702343031
0.0033651850789935146
0.006724169406544943
0.00056344908594998014
0.0069476715420075472
0.0021263235267121958
0.0071281213906503873
0.0041255230935426596
0.006215613649713775
0.0048656606721670624
0.0042782748614841239
-0.0061558963948447247
0.0021102001403151454
0.0044877077414864916
0.010841945410320051
-0.016786052767586847
1.9757829245632685e-06
-0.0026074639734137558
-4.4046194437563115e-05
0.000339254101630138
0.0033684455557213252
0.00089332150981839256
0.0057449949761789777
0.0010269707918831525
0.0021128795511709806
0.011360030821296678
0.0045678662660905579
0.0049382505388694473
0.0020046049838168345
0.0056964152014331746
0.002277356619918213
0.006900654295283663
0.0047725074316375257
0.0043010366304098904
0.014877569659939686
0.015469960886295521
0.0057557879759464071
0.0042587518816654575
0.0050101143188253944
0.0016909462412504469
0.0030728261823196965
0.003566886063654278
0.0058790024817917275
0.0034990873578920356
0.0036460704011985379
0.001106731869749039
0.002159347329708872
0.0046491524362446829
0.0023914458442635981
0.0033296467211190567
0.0013460058218603371
0.0011846037026701953
-0.00068410321734330907
0.0020812988376699921
0.0043580576906577856
0.005248509373092524
0.0073248801943771365
0.0008059974907355257
0.00089285054423680595
0.0052115270613374677
0.0035265318068648105
0.0058115129056046828
0.0034693110971199788
0.0067964180126675365
0.0031049066971812803
0.0070783261543234605
0.00069780016642268525
