1.050665002942979404e-01
1.050665002942979404e-01
1.050665002942979404e-01
1.050665002942979404e-01
1.050665002942979404e-01
1.050665002942979404e-01
1.050665002942979404e-01
1.050665002942979404e-01
1.050665002942979404e-01
1.050665002942979404e-01
1.050665002942979404e-01
1.050665002942979404e-01
1.050665002942979404e-01
1.050665002942979404e-01
1.050665002942979404e-01
1.050665002942979404e-01
1.050665002942979404e-01
1.050665002942979404e-01
1.050665002942979404e-01
1.050665002942979404e-01
1.050665002942979404e-01
1.050665002942979404e-01
1.050665002942979404e-01
1.050665002942979404e-01
1.050665002942979404e-01
1.050665002942979404e-01
1.050665002942979404e-01
1.050665002942979404e-01
1.050665002942979404e-01
1.050665002942979404e-01
1.050665002942979404e-01
1.050665002942979404e-01
1.050665002942979404e-01
9.039561969073418857e-02
2.152275630988062950e-03
2.152275630988062950e-03
2.152275630988062950e-03
2.152275630988062950e-03
1.050665002942979404e-01
1.050665002942979404e-01
1.050665002942979404e-01
1.050665002942979404e-01
1.050665002942979404e-01
1.050665002942979404e-01
1.050665002942979404e-01
1.050665002942979404e-01
1.050665002942979404e-01
1.050665002942979404e-01
1.050665002942979404e-01
1.050665002942979404e-01
1.050665002942979404e-01
1.050665002942979404e-01
1.050665002942979404e-01
1.050665002942979404e-01
1.050665002942979404e-01
1.050665002942979404e-01
1.050665002942979404e-01
1.050665002942979404e-01
1.050665002942979404e-01
1.050665002942979404e-01
1.050665002942979404e-01
1.050665002942979404e-01
1.050665002942979404e-01
1.050665002942979404e-01
1.050665002942979404e-01
1.050665002942979404e-01
1.050665002942979404e-01
1.050665002942979404e-01
1.050665002942979404e-01
1.050665002942979404e-01
9.887643545565104330e-02
8.771476727250904215e-02
2.152275630988062950e-03
2.152275630988062950e-03
2.152275630988062950e-03
2.152275630988062950e-03
1.050665002942979404e-01
1.050665002942979404e-01
1.050665002942979404e-01
1.050665002942979404e-01
1.050665002942979404e-01
1.050665002942979404e-01
1.050665002942979404e-01
1.050665002942979404e-01
1.050665002942979404e-01
1.050665002942979404e-01
1.050665002942979404e-01
1.050665002942979404e-01
1.050665002942979404e-01
1.050665002942979404e-01
1.050665002942979404e-01
1.050665002942979404e-01
1.050665002942979404e-01
1.050665002942979404e-01
1.050665002942979404e-01
1.050665002942979404e-01
1.050665002942979404e-01
1.050665002942979404e-01
1.050665002942979404e-01
1.050665002942979404e-01
1.050665002942979404e-01
1.050665002942979404e-01
1.050665002942979404e-01
1.050665002942979404e-01
1.050665002942979404e-01
1.050665002942979404e-01
1.050665002942979404e-01
1.077139055021159170e-01
8.848651886196962080e-02
7.244346841986550045e-02
2.152275630988062950e-03
2.152275630988062950e-03
2.152275630988062950e-03
2.152275630988062950e-03
1.050665002942979404e-01
1.050665002942979404e-01
1.050665002942979404e-01
1.050665002942979404e-01
1.050665002942979404e-01
1.050665002942979404e-01
1.050665002942979404e-01
1.050665002942979404e-01
1.050665002942979404e-01
1.050665002942979404e-01
1.050665002942979404e-01
1.050665002942979404e-01
1.050665002942979404e-01
1.050665002942979404e-01
1.050665002942979404e-01
1.050665002942979404e-01
1.050665002942979404e-01
1.050665002942979404e-01
1.050665002942979404e-01
1.050665002942979404e-01
1.050665002942979404e-01
1.050665002942979404e-01
1.050665002942979404e-01
1.050665002942979404e-01
1.050665002942979404e-01
1.050665002942979404e-01
1.050665002942979404e-01
1.050665002942979404e-01
1.050665002942979404e-01
1.050665002942979404e-01
1.050665002942979404e-01
8.848651886196962080e-02
8.848651886196962080e-02
6.404812590625803825e-02
2.152275630988062950e-03
2.152275630988062950e-03
2.152275630988062950e-03
2.152275630988062950e-03
1.050665002942979404e-01
1.050665002942979404e-01
1.050665002942979404e-01
1.050665002942979404e-01
1.050665002942979404e-01
1.050665002942979404e-01
1.050665002942979404e-01
1.050665002942979404e-01
1.050665002942979404e-01
1.050665002942979404e-01
1.050665002942979404e-01
1.050665002942979404e-01
1.050665002942979404e-01
1.050665002942979404e-01
1.050665002942979404e-01
1.050665002942979404e-01
1.050665002942979404e-01
1.050665002942979404e-01
1.050665002942979404e-01
1.050665002942979404e-01
1.050665002942979404e-01
1.050665002942979404e-01
1.050665002942979404e-01
1.050665002942979404e-01
1.050665002942979404e-01
1.050665002942979404e-01
1.050665002942979404e-01
1.050665002942979404e-01
1.050665002942979404e-01
1.050665002942979404e-01
8.850888534422236831e-02
8.848651886196962080e-02
8.848651886196962080e-02
5.592233855540054005e-02
2.152275630988062950e-03
2.152275630988062950e-03
2.152275630988062950e-03
2.152275630988062950e-03
1.050665002942979404e-01
1.050665002942979404e-01
1.050665002942979404e-01
1.050665002942979404e-01
1.050665002942979404e-01
1.050665002942979404e-01
1.050665002942979404e-01
1.050665002942979404e-01
1.050665002942979404e-01
1.050665002942979404e-01
1.050665002942979404e-01
1.050665002942979404e-01
1.050665002942979404e-01
1.050665002942979404e-01
1.050665002942979404e-01
1.050665002942979404e-01
1.050665002942979404e-01
1.050665002942979404e-01
1.050665002942979404e-01
1.050665002942979404e-01
1.050665002942979404e-01
1.050665002942979404e-01
1.050665002942979404e-01
1.050665002942979404e-01
1.050665002942979404e-01
1.050665002942979404e-01
1.050665002942979404e-01
1.050665002942979404e-01
1.050665002942979404e-01
1.042106005896740739e-01
8.848651886196962080e-02
8.848651886196962080e-02
8.848651886196962080e-02
4.976331858131093772e-02
2.152275630988062950e-03
2.152275630988062950e-03
2.152275630988062950e-03
2.152275630988062950e-03
1.050665002942979404e-01
1.050665002942979404e-01
1.050665002942979404e-01
1.050665002942979404e-01
1.050665002942979404e-01
1.050665002942979404e-01
1.050665002942979404e-01
1.050665002942979404e-01
1.050665002942979404e-01
1.050665002942979404e-01
1.050665002942979404e-01
1.050665002942979404e-01
1.050665002942979404e-01
1.050665002942979404e-01
1.050665002942979404e-01
1.050665002942979404e-01
1.050665002942979404e-01
1.050665002942979404e-01
1.050665002942979404e-01
1.050665002942979404e-01
1.050665002942979404e-01
1.050665002942979404e-01
1.050665002942979404e-01
1.050665002942979404e-01
1.050665002942979404e-01
1.050665002942979404e-01
1.050665002942979404e-01
1.050665002942979404e-01
1.068483915905862197e-01
8.848651886196962080e-02
8.848651886196962080e-02
8.848651886196962080e-02
8.848651886196962080e-02
3.000760312537483973e-02
2.152275630988062950e-03
2.152275630988062950e-03
2.152275630988062950e-03
2.152275630988062950e-03
1.050665002942979404e-01
1.050665002942979404e-01
1.050665002942979404e-01
1.050665002942979404e-01
1.050665002942979404e-01
1.050665002942979404e-01
1.050665002942979404e-01
1.050665002942979404e-01
1.050665002942979404e-01
1.050665002942979404e-01
1.050665002942979404e-01
1.050665002942979404e-01
1.050665002942979404e-01
1.050665002942979404e-01
1.050665002942979404e-01
1.050665002942979404e-01
1.050665002942979404e-01
1.050665002942979404e-01
1.050665002942979404e-01
1.050665002942979404e-01
1.050665002942979404e-01
1.050665002942979404e-01
1.050665002942979404e-01
1.050665002942979404e-01
1.050665002942979404e-01
1.050665002942979404e-01
1.050665002942979404e-01
1.050665002942979404e-01
8.448521271100237207e-02
8.848651886196962080e-02
8.848651886196962080e-02
8.848651886196962080e-02
7.680900693566607151e-02
2.152275630988062950e-03
2.152275630988062950e-03
2.152275630988062950e-03
2.152275630988062950e-03
2.152275630988062950e-03
1.050665002942979404e-01
1.050665002942979404e-01
1.050665002942979404e-01
1.050665002942979404e-01
1.050665002942979404e-01
1.050665002942979404e-01
1.050665002942979404e-01
1.050665002942979404e-01
1.050665002942979404e-01
1.050665002942979404e-01
1.050665002942979404e-01
1.050665002942979404e-01
1.050665002942979404e-01
1.050665002942979404e-01
1.050665002942979404e-01
1.050665002942979404e-01
1.050665002942979404e-01
1.050665002942979404e-01
1.050665002942979404e-01
1.050665002942979404e-01
1.050665002942979404e-01
1.050665002942979404e-01
1.050665002942979404e-01
1.050665002942979404e-01
1.050665002942979404e-01
1.050665002942979404e-01
1.050665002942979404e-01
9.103191306245737857e-02
8.848651886196962080e-02
8.848651886196962080e-02
8.848651886196962080e-02
8.884869433725794963e-02
1.673992157435177973e-03
2.152275630988062950e-03
2.152275630988062950e-03
2.152275630988062950e-03
2.152275630988062950e-03
2.152275630988062950e-03
1.050665002942979404e-01
1.050665002942979404e-01
1.050665002942979404e-01
1.050665002942979404e-01
1.050665002942979404e-01
1.050665002942979404e-01
1.050665002942979404e-01
1.050665002942979404e-01
1.050665002942979404e-01
1.050665002942979404e-01
1.050665002942979404e-01
1.050665002942979404e-01
1.050665002942979404e-01
1.050665002942979404e-01
1.050665002942979404e-01
1.050665002942979404e-01
1.050665002942979404e-01
1.050665002942979404e-01
1.050665002942979404e-01
1.050665002942979404e-01
1.050665002942979404e-01
1.050665002942979404e-01
1.050665002942979404e-01
1.050665002942979404e-01
1.050665002942979404e-01
1.050665002942979404e-01
1.048396410945288681e-01
8.848651886196962080e-02
8.848651886196962080e-02
1.191814027172814761e-01
1.609468799213935042e-01
5.664399813245985828e-03
2.152275630988062950e-03
2.152275630988062950e-03
2.152275630988062950e-03
2.152275630988062950e-03
2.152275630988062950e-03
2.152275630988062950e-03
1.050665002942979404e-01
1.050665002942979404e-01
1.050665002942979404e-01
1.050665002942979404e-01
1.050665002942979404e-01
1.050665002942979404e-01
1.050665002942979404e-01
1.050665002942979404e-01
1.050665002942979404e-01
1.050665002942979404e-01
1.050665002942979404e-01
1.050665002942979404e-01
1.050665002942979404e-01
1.050665002942979404e-01
1.050665002942979404e-01
1.050665002942979404e-01
1.050665002942979404e-01
1.050665002942979404e-01
1.050665002942979404e-01
1.050665002942979404e-01
1.050665002942979404e-01
1.050665002942979404e-01
1.050665002942979404e-01
1.050665002942979404e-01
1.050665002942979404e-01
1.056674712634690094e-01
8.756009925476412881e-02
1.191814027172814761e-01
1.799999999999999933e-01
1.799999999999999933e-01
1.163674133737940264e-01
2.152275630988062950e-03
2.152275630988062950e-03
2.152275630988062950e-03
2.152275630988062950e-03
2.152275630988062950e-03
2.152275630988062950e-03
2.152275630988062950e-03
1.050665002942979404e-01
1.050665002942979404e-01
1.050665002942979404e-01
1.050665002942979404e-01
1.050665002942979404e-01
1.050665002942979404e-01
1.050665002942979404e-01
1.050665002942979404e-01
1.050665002942979404e-01
1.050665002942979404e-01
1.050665002942979404e-01
1.050665002942979404e-01
1.050665002942979404e-01
1.050665002942979404e-01
1.050665002942979404e-01
1.050665002942979404e-01
1.050665002942979404e-01
1.050665002942979404e-01
1.050665002942979404e-01
1.050665002942979404e-01
1.050665002942979404e-01
1.050665002942979404e-01
1.050665002942979404e-01
1.050665002942979404e-01
1.050665002942979404e-01
1.163592452055363657e-01
1.799999999999999933e-01
1.799999999999999933e-01
1.799999999999999933e-01
1.799999999999999933e-01
9.805524700241029235e-02
2.152275630988062950e-03
2.152275630988062950e-03
2.152275630988062950e-03
2.152275630988062950e-03
2.152275630988062950e-03
2.152275630988062950e-03
2.152275630988062950e-03
1.050665002942979404e-01
1.050665002942979404e-01
1.050665002942979404e-01
1.050665002942979404e-01
1.050665002942979404e-01
1.050665002942979404e-01
1.050665002942979404e-01
1.050665002942979404e-01
1.050665002942979404e-01
1.050665002942979404e-01
1.050665002942979404e-01
1.050665002942979404e-01
1.050665002942979404e-01
1.050665002942979404e-01
1.050665002942979404e-01
1.050665002942979404e-01
1.050665002942979404e-01
1.050665002942979404e-01
1.050665002942979404e-01
1.050665002942979404e-01
1.050665002942979404e-01
1.050665002942979404e-01
1.050665002942979404e-01
1.294565143515211125e-01
1.799999999999999933e-01
1.799999999999999933e-01
1.799999999999999933e-01
1.799999999999999933e-01
1.799999999999999933e-01
1.799999999999999933e-01
7.532655532832589762e-02
2.152275630988062950e-03
2.152275630988062950e-03
2.152275630988062950e-03
2.152275630988062950e-03
2.152275630988062950e-03
2.152275630988062950e-03
2.152275630988062950e-03
1.050665002942979404e-01
1.050665002942979404e-01
1.050665002942979404e-01
1.050665002942979404e-01
1.050665002942979404e-01
1.050665002942979404e-01
1.050665002942979404e-01
1.050665002942979404e-01
1.050665002942979404e-01
1.050665002942979404e-01
1.050665002942979404e-01
1.050665002942979404e-01
1.050665002942979404e-01
1.050665002942979404e-01
1.050665002942979404e-01
1.050665002942979404e-01
1.050665002942979404e-01
1.050665002942979404e-01
1.050665002942979404e-01
1.050665002942979404e-01
1.050665002942979404e-01
1.294565143515211125e-01
1.799999999999999933e-01
1.799999999999999933e-01
1.799999999999999933e-01
1.799999999999999933e-01
1.799999999999999933e-01
1.799999999999999933e-01
1.799999999999999933e-01
1.799999999999999933e-01
4.199202695753076475e-02
2.152275630988062950e-03
2.152275630988062950e-03
2.152275630988062950e-03
2.152275630988062950e-03
2.152275630988062950e-03
2.152275630988062950e-03
2.152275630988062950e-03
1.050665002942979404e-01
1.050665002942979404e-01
1.050665002942979404e-01
1.050665002942979404e-01
1.050665002942979404e-01
1.050665002942979404e-01
1.050665002942979404e-01
1.050665002942979404e-01
1.050665002942979404e-01
1.050665002942979404e-01
1.050665002942979404e-01
1.050665002942979404e-01
1.050665002942979404e-01
1.050665002942979404e-01
1.050665002942979404e-01
1.050665002942979404e-01
1.050665002942979404e-01
1.050665002942979404e-01
1.050665002942979404e-01
1.262839140739159538e-01
1.799999999999999933e-01
1.799999999999999933e-01
1.799999999999999933e-01
1.799999999999999933e-01
1.799999999999999933e-01
1.799999999999999933e-01
1.799999999999999933e-01
1.799999999999999933e-01
1.799999999999999933e-01
1.799999999999999933e-01
2.369625729774437264e-02
2.152275630988062950e-03
2.152275630988062950e-03
2.152275630988062950e-03
2.152275630988062950e-03
2.152275630988062950e-03
2.152275630988062950e-03
2.152275630988062950e-03
1.050665002942979404e-01
1.050665002942979404e-01
1.050665002942979404e-01
1.050665002942979404e-01
1.050665002942979404e-01
1.050665002942979404e-01
1.050665002942979404e-01
1.050665002942979404e-01
1.050665002942979404e-01
1.050665002942979404e-01
1.050665002942979404e-01
1.050665002942979404e-01
1.050665002942979404e-01
1.050665002942979404e-01
1.050665002942979404e-01
1.050665002942979404e-01
1.050665002942979404e-01
1.262839140739159538e-01
1.799999999999999933e-01
1.799999999999999933e-01
1.799999999999999933e-01
1.799999999999999933e-01
1.799999999999999933e-01
1.799999999999999933e-01
1.799999999999999933e-01
1.799999999999999933e-01
1.799999999999999933e-01
1.799999999999999933e-01
1.799999999999999933e-01
1.799999999999999933e-01
4.261265385430128110e-03
2.152275630988062950e-03
2.152275630988062950e-03
2.152275630988062950e-03
2.152275630988062950e-03
2.152275630988062950e-03
2.152275630988062950e-03
2.152275630988062950e-03
1.050665002942979404e-01
1.050665002942979404e-01
1.050665002942979404e-01
1.050665002942979404e-01
1.050665002942979404e-01
1.050665002942979404e-01
1.050665002942979404e-01
1.050665002942979404e-01
1.050665002942979404e-01
1.050665002942979404e-01
1.050665002942979404e-01
1.050665002942979404e-01
1.050665002942979404e-01
1.050665002942979404e-01
1.050665002942979404e-01
1.256895022267596196e-01
1.799999999999999933e-01
1.799999999999999933e-01
1.799999999999999933e-01
1.799999999999999933e-01
1.799999999999999933e-01
1.799999999999999933e-01
1.799999999999999933e-01
1.799999999999999933e-01
1.799999999999999933e-01
1.799999999999999933e-01
1.799999999999999933e-01
1.799999999999999933e-01
1.799999999999999933e-01
1.799999999999999933e-01
-0.000000000000000000e+00
2.152275630988062950e-03
2.152275630988062950e-03
2.152275630988062950e-03
2.152275630988062950e-03
2.152275630988062950e-03
2.152275630988062950e-03
2.152275630988062950e-03
1.050665002942979404e-01
1.050665002942979404e-01
1.050665002942979404e-01
1.050665002942979404e-01
1.050665002942979404e-01
1.050665002942979404e-01
1.050665002942979404e-01
1.050665002942979404e-01
1.050665002942979404e-01
1.050665002942979404e-01
1.050665002942979404e-01
1.050665002942979404e-01
1.050665002942979404e-01
1.256895022267596196e-01
1.799999999999999933e-01
1.799999999999999933e-01
1.799999999999999933e-01
1.799999999999999933e-01
1.799999999999999933e-01
1.799999999999999933e-01
1.799999999999999933e-01
1.799999999999999933e-01
1.799999999999999933e-01
1.799999999999999933e-01
1.799999999999999933e-01
1.799999999999999933e-01
1.799999999999999933e-01
1.799999999999999933e-01
1.799999999999999933e-01
1.799999999999999933e-01
4.782834735529250918e-04
2.152275630988062950e-03
2.152275630988062950e-03
2.152275630988062950e-03
2.152275630988062950e-03
2.152275630988062950e-03
2.152275630988062950e-03
2.152275630988062950e-03
1.050665002942979404e-01
1.050665002942979404e-01
1.050665002942979404e-01
1.050665002942979404e-01
1.050665002942979404e-01
1.050665002942979404e-01
1.050665002942979404e-01
1.050665002942979404e-01
1.050665002942979404e-01
1.050665002942979404e-01
1.050665002942979404e-01
1.050665002942979404e-01
1.050665002942979404e-01
1.045583953980329661e-01
1.684475788931656393e-01
1.799999999999999933e-01
1.799999999999999933e-01
1.799999999999999933e-01
1.799999999999999933e-01
1.799999999999999933e-01
1.799999999999999933e-01
1.799999999999999933e-01
1.799999999999999933e-01
1.799999999999999933e-01
1.799999999999999933e-01
1.799999999999999933e-01
1.799999999999999933e-01
1.799999999999999933e-01
1.799999999999999933e-01
1.799999999999999933e-01
1.195708683882272831e-03
2.152275630988062950e-03
2.152275630988062950e-03
2.152275630988062950e-03
2.152275630988062950e-03
2.152275630988062950e-03
2.152275630988062950e-03
2.152275630988062950e-03
1.050665002942979404e-01
1.050665002942979404e-01
1.050665002942979404e-01
1.050665002942979404e-01
1.050665002942979404e-01
1.050665002942979404e-01
1.050665002942979404e-01
1.050665002942979404e-01
1.050665002942979404e-01
1.050665002942979404e-01
1.050665002942979404e-01
1.050665002942979404e-01
1.050665002942979404e-01
1.050665002942979404e-01
1.050665002942979404e-01
1.197328355112321913e-01
1.799999999999999933e-01
1.799999999999999933e-01
1.799999999999999933e-01
1.799999999999999933e-01
1.799999999999999933e-01
1.799999999999999933e-01
1.799999999999999933e-01
1.799999999999999933e-01
1.799999999999999933e-01
1.799999999999999933e-01
1.799999999999999933e-01
1.799999999999999933e-01
1.799999999999999933e-01
1.799999999999999933e-01
1.913133894211620353e-03
2.152275630988062950e-03
2.152275630988062950e-03
2.152275630988062950e-03
2.152275630988062950e-03
2.152275630988062950e-03
2.152275630988062950e-03
2.152275630988062950e-03
1.050665002942979404e-01
1.050665002942979404e-01
1.050665002942979404e-01
1.050665002942979404e-01
1.050665002942979404e-01
1.050665002942979404e-01
1.050665002942979404e-01
1.050665002942979404e-01
1.050665002942979404e-01
1.050665002942979404e-01
1.050665002942979404e-01
1.050665002942979404e-01
1.050665002942979404e-01
1.050665002942979404e-01
1.050665002942979404e-01
1.050665002942979404e-01
1.045583953980329661e-01
1.679394739969003736e-01
1.799999999999999933e-01
1.799999999999999933e-01
1.799999999999999933e-01
1.799999999999999933e-01
1.799999999999999933e-01
1.799999999999999933e-01
1.799999999999999933e-01
1.799999999999999933e-01
1.799999999999999933e-01
1.799999999999999933e-01
1.799999999999999933e-01
1.799999999999999933e-01
2.152275630988062950e-03
2.152275630988062950e-03
2.152275630988062950e-03
2.152275630988062950e-03
2.152275630988062950e-03
2.152275630988062950e-03
2.152275630988062950e-03
2.152275630988062950e-03
1.050665002942979404e-01
1.050665002942979404e-01
1.050665002942979404e-01
1.050665002942979404e-01
1.050665002942979404e-01
1.050665002942979404e-01
1.050665002942979404e-01
1.050665002942979404e-01
1.050665002942979404e-01
1.050665002942979404e-01
1.050665002942979404e-01
1.050665002942979404e-01
1.050665002942979404e-01
1.050665002942979404e-01
1.050665002942979404e-01
1.050665002942979404e-01
1.050665002942979404e-01
1.061865351251842782e-01
1.032395693178067703e-01
1.799999999999999933e-01
1.799999999999999933e-01
1.799999999999999933e-01
1.799999999999999933e-01
1.799999999999999933e-01
1.799999999999999933e-01
1.799999999999999933e-01
1.799999999999999933e-01
1.799999999999999933e-01
1.799999999999999933e-01
1.799999999999999933e-01
2.152275630988062950e-03
2.152275630988062950e-03
2.152275630988062950e-03
2.152275630988062950e-03
2.152275630988062950e-03
2.152275630988062950e-03
2.152275630988062950e-03
2.152275630988062950e-03
1.050665002942979404e-01
1.050665002942979404e-01
1.050665002942979404e-01
1.050665002942979404e-01
1.050665002942979404e-01
1.050665002942979404e-01
1.050665002942979404e-01
1.050665002942979404e-01
1.050665002942979404e-01
1.050665002942979404e-01
1.050665002942979404e-01
1.050665002942979404e-01
1.050665002942979404e-01
1.050665002942979404e-01
1.050665002942979404e-01
1.050665002942979404e-01
1.050665002942979404e-01
8.415055731427091568e-02
8.848651886196962080e-02
8.756009925476421207e-02
1.643437518144778564e-01
1.799999999999999933e-01
1.799999999999999933e-01
1.799999999999999933e-01
1.799999999999999933e-01
1.799999999999999933e-01
1.799999999999999933e-01
1.799999999999999933e-01
1.799999999999999933e-01
1.799999999999999933e-01
2.152275630988062950e-03
2.152275630988062950e-03
2.152275630988062950e-03
2.152275630988062950e-03
2.152275630988062950e-03
2.152275630988062950e-03
2.152275630988062950e-03
2.152275630988062950e-03
1.050665002942979404e-01
1.050665002942979404e-01
1.050665002942979404e-01
1.050665002942979404e-01
1.050665002942979404e-01
1.050665002942979404e-01
1.050665002942979404e-01
1.050665002942979404e-01
1.050665002942979404e-01
1.050665002942979404e-01
1.050665002942979404e-01
1.050665002942979404e-01
1.050665002942979404e-01
1.050665002942979404e-01
1.050665002942979404e-01
1.050665002942979404e-01
9.315414366639625243e-02
8.848651886196962080e-02
8.848651886196962080e-02
8.848651886196962080e-02
8.921086981254626458e-02
2.749024028611072451e-02
1.799999999999999933e-01
1.799999999999999933e-01
1.799999999999999933e-01
1.799999999999999933e-01
1.799999999999999933e-01
1.799999999999999933e-01
1.799999999999999933e-01
1.799999999999999933e-01
2.152275630988062950e-03
2.152275630988062950e-03
2.152275630988062950e-03
2.152275630988062950e-03
2.152275630988062950e-03
2.152275630988062950e-03
2.152275630988062950e-03
2.152275630988062950e-03
1.050665002942979404e-01
1.050665002942979404e-01
1.050665002942979404e-01
1.050665002942979404e-01
1.050665002942979404e-01
1.050665002942979404e-01
1.050665002942979404e-01
1.050665002942979404e-01
1.050665002942979404e-01
1.050665002942979404e-01
1.050665002942979404e-01
1.050665002942979404e-01
1.050665002942979404e-01
1.050665002942979404e-01
1.050665002942979404e-01
1.054393086789132128e-01
8.848651886196962080e-02
8.848651886196962080e-02
8.848651886196962080e-02
8.848651886196962080e-02
3.486885970003656722e-03
2.152275630988062950e-03
1.315279552270613933e-03
1.455849347372231428e-01
1.799999999999999933e-01
1.799999999999999933e-01
1.799999999999999933e-01
1.799999999999999933e-01
1.799999999999999933e-01
1.461871889612084696e-01
2.152275630988062950e-03
2.152275630988062950e-03
2.152275630988062950e-03
2.152275630988062950e-03
2.152275630988062950e-03
2.152275630988062950e-03
2.152275630988062950e-03
2.152275630988062950e-03
1.050665002942979404e-01
1.050665002942979404e-01
1.050665002942979404e-01
1.050665002942979404e-01
1.050665002942979404e-01
1.050665002942979404e-01
1.050665002942979404e-01
1.050665002942979404e-01
1.050665002942979404e-01
1.050665002942979404e-01
1.050665002942979404e-01
1.050665002942979404e-01
1.050665002942979404e-01
1.050665002942979404e-01
1.045583953980328967e-01
8.756009925476414268e-02
8.848651886196962080e-02
8.848651886196962080e-02
8.848651886196962080e-02
3.492441001856663729e-02
2.152275630988062950e-03
2.152275630988062950e-03
2.152275630988062950e-03
2.152275630988062950e-03
2.526387960430053273e-02
1.799999999999999933e-01
1.799999999999999933e-01
1.799999999999999933e-01
1.799999999999999933e-01
1.194730579777165402e-01
2.152275630988062950e-03
2.152275630988062950e-03
2.152275630988062950e-03
2.152275630988062950e-03
2.152275630988062950e-03
2.152275630988062950e-03
2.152275630988062950e-03
2.152275630988062950e-03
1.050665002942979404e-01
1.050665002942979404e-01
1.050665002942979404e-01
1.050665002942979404e-01
1.050665002942979404e-01
1.050665002942979404e-01
1.050665002942979404e-01
1.050665002942979404e-01
1.050665002942979404e-01
1.050665002942979404e-01
1.050665002942979404e-01
1.050665002942979404e-01
1.050665002942979404e-01
1.050665002942979404e-01
8.802049818237556167e-02
8.848651886196962080e-02
8.848651886196962080e-02
8.848651886196962080e-02
7.864155780511701554e-02
2.152275630988062950e-03
2.152275630988062950e-03
2.152275630988062950e-03
2.152275630988062950e-03
2.152275630988062950e-03
2.152275630988062950e-03
1.673992157435237821e-03
1.392080794314434489e-01
1.799999999999999933e-01
1.799999999999999933e-01
1.008229765034971553e-01
2.152275630988062950e-03
2.152275630988062950e-03
2.152275630988062950e-03
2.152275630988062950e-03
2.152275630988062950e-03
2.152275630988062950e-03
2.152275630988062950e-03
2.152275630988062950e-03
1.050665002942979404e-01
1.050665002942979404e-01
1.050665002942979404e-01
1.050665002942979404e-01
1.050665002942979404e-01
1.050665002942979404e-01
1.050665002942979404e-01
1.050665002942979404e-01
1.050665002942979404e-01
1.050665002942979404e-01
1.050665002942979404e-01
1.050665002942979404e-01
1.050665002942979404e-01
1.005899247811726654e-01
8.848651886196962080e-02
8.848651886196962080e-02
8.848651886196962080e-02
8.884869433725794963e-02
1.673992157435177973e-03
2.152275630988062950e-03
2.152275630988062950e-03
2.152275630988062950e-03
2.152275630988062950e-03
2.152275630988062950e-03
2.152275630988062950e-03
2.152275630988062950e-03
2.152275630988062950e-03
2.201786616695657062e-02
1.799999999999999933e-01
8.916300392128770347e-02
2.152275630988062950e-03
2.152275630988062950e-03
2.152275630988062950e-03
2.152275630988062950e-03
2.152275630988062950e-03
2.152275630988062950e-03
2.152275630988062950e-03
2.152275630988062950e-03
1.050665002942979404e-01
1.050665002942979404e-01
1.050665002942979404e-01
1.050665002942979404e-01
1.050665002942979404e-01
1.050665002942979404e-01
1.050665002942979404e-01
1.050665002942979404e-01
1.050665002942979404e-01
1.050665002942979404e-01
1.050665002942979404e-01
1.050665002942979404e-01
1.077139055021160141e-01
8.848651886196962080e-02
8.848651886196962080e-02
8.848651886196962080e-02
8.848651886196962080e-02
6.848232889586233774e-03
2.152275630988062950e-03
2.152275630988062950e-03
2.152275630988062950e-03
2.152275630988062950e-03
2.152275630988062950e-03
2.152275630988062950e-03
2.152275630988062950e-03
2.152275630988062950e-03
2.152275630988062950e-03
2.152275630988062950e-03
1.673992157435237821e-03
3.320615556138038771e-02
2.152275630988062950e-03
2.152275630988062950e-03
2.152275630988062950e-03
2.152275630988062950e-03
2.152275630988062950e-03
2.152275630988062950e-03
2.152275630988062950e-03
2.152275630988062950e-03
1.050665002942979404e-01
1.050665002942979404e-01
1.050665002942979404e-01
1.050665002942979404e-01
1.050665002942979404e-01
1.050665002942979404e-01
1.050665002942979404e-01
1.050665002942979404e-01
1.050665002942979404e-01
1.050665002942979404e-01
1.050665002942979404e-01
1.050665002942979404e-01
8.848651886196962080e-02
8.848651886196962080e-02
8.848651886196962080e-02
8.848651886196962080e-02
4.727017376026428075e-02
2.152275630988062950e-03
2.152275630988062950e-03
2.152275630988062950e-03
2.152275630988062950e-03
2.152275630988062950e-03
2.152275630988062950e-03
2.152275630988062950e-03
2.152275630988062950e-03
2.152275630988062950e-03
2.152275630988062950e-03
2.152275630988062950e-03
2.152275630988062950e-03
2.152275630988062950e-03
2.152275630988062950e-03
2.152275630988062950e-03
2.152275630988062950e-03
2.152275630988062950e-03
2.152275630988062950e-03
2.152275630988062950e-03
2.152275630988062950e-03
2.152275630988062950e-03
1.050665002942979404e-01
1.050665002942979404e-01
1.050665002942979404e-01
1.050665002942979404e-01
1.050665002942979404e-01
1.050665002942979404e-01
1.050665002942979404e-01
1.050665002942979404e-01
1.050665002942979404e-01
1.050665002942979404e-01
1.050665002942979404e-01
8.871343956539587405e-02
8.848651886196962080e-02
8.848651886196962080e-02
8.848651886196962080e-02
8.377573173213330449e-02
2.152275630988062950e-03
2.152275630988062950e-03
2.152275630988062950e-03
2.152275630988062950e-03
2.152275630988062950e-03
2.152275630988062950e-03
2.152275630988062950e-03
2.152275630988062950e-03
2.152275630988062950e-03
2.152275630988062950e-03
2.152275630988062950e-03
2.152275630988062950e-03
2.152275630988062950e-03
2.152275630988062950e-03
2.152275630988062950e-03
2.152275630988062950e-03
2.152275630988062950e-03
2.152275630988062950e-03
2.152275630988062950e-03
2.152275630988062950e-03
2.152275630988062950e-03
2.152275630988062950e-03
1.050665002942979404e-01
1.050665002942979404e-01
1.050665002942979404e-01
1.050665002942979404e-01
1.050665002942979404e-01
1.050665002942979404e-01
1.050665002942979404e-01
1.050665002942979404e-01
1.050665002942979404e-01
1.050665002942979404e-01
1.047494028110939612e-01
8.848651886196962080e-02
8.848651886196962080e-02
8.848651886196962080e-02
8.865599579978732103e-02
1.315279552270554085e-03
2.152275630988062950e-03
2.152275630988062950e-03
2.152275630988062950e-03
2.152275630988062950e-03
2.152275630988062950e-03
2.152275630988062950e-03
2.152275630988062950e-03
2.152275630988062950e-03
2.152275630988062950e-03
2.152275630988062950e-03
2.152275630988062950e-03
2.152275630988062950e-03
2.152275630988062950e-03
2.152275630988062950e-03
2.152275630988062950e-03
2.152275630988062950e-03
2.152275630988062950e-03
2.152275630988062950e-03
2.152275630988062950e-03
2.152275630988062950e-03
2.152275630988062950e-03
2.152275630988062950e-03
1.050665002942979404e-01
1.050665002942979404e-01
1.050665002942979404e-01
1.050665002942979404e-01
1.050665002942979404e-01
1.050665002942979404e-01
1.050665002942979404e-01
1.050665002942979404e-01
1.050665002942979404e-01
1.068483915905862752e-01
8.848651886196962080e-02
8.848651886196962080e-02
8.848651886196962080e-02
8.848651886196962080e-02
1.253448998696388150e-02
2.152275630988062950e-03
2.152275630988062950e-03
2.152275630988062950e-03
2.152275630988062950e-03
2.152275630988062950e-03
2.152275630988062950e-03
2.152275630988062950e-03
2.152275630988062950e-03
2.152275630988062950e-03
2.152275630988062950e-03
2.152275630988062950e-03
2.152275630988062950e-03
2.152275630988062950e-03
2.152275630988062950e-03
2.152275630988062950e-03
2.152275630988062950e-03
2.152275630988062950e-03
2.152275630988062950e-03
2.152275630988062950e-03
2.152275630988062950e-03
2.152275630988062950e-03
2.152275630988062950e-03
2.152275630988062950e-03
1.050665002942979404e-01
1.050665002942979404e-01
1.050665002942979404e-01
1.050665002942979404e-01
1.050665002942979404e-01
1.050665002942979404e-01
1.050665002942979404e-01
1.050665002942979404e-01
1.050665002942979404e-01
8.355879310379711600e-02
8.848651886196962080e-02
8.848651886196962080e-02
8.848651886196962080e-02
5.937416869703616290e-02
2.152275630988062950e-03
2.152275630988062950e-03
2.152275630988062950e-03
2.152275630988062950e-03
2.152275630988062950e-03
2.152275630988062950e-03
2.152275630988062950e-03
2.152275630988062950e-03
2.152275630988062950e-03
2.152275630988062950e-03
2.152275630988062950e-03
2.152275630988062950e-03
2.152275630988062950e-03
2.152275630988062950e-03
2.152275630988062950e-03
2.152275630988062950e-03
2.152275630988062950e-03
2.152275630988062950e-03
2.152275630988062950e-03
2.152275630988062950e-03
2.152275630988062950e-03
2.152275630988062950e-03
2.152275630988062950e-03
2.152275630988062950e-03
1.050665002942979404e-01
1.050665002942979404e-01
1.050665002942979404e-01
1.050665002942979404e-01
1.050665002942979404e-01
1.050665002942979404e-01
1.050665002942979404e-01
1.050665002942979404e-01
9.159646274173806335e-02
8.848651886196962080e-02
8.848651886196962080e-02
8.848651886196962080e-02
8.882547273760503515e-02
2.152275630988062950e-03
2.152275630988062950e-03
2.152275630988062950e-03
2.152275630988062950e-03
2.152275630988062950e-03
2.152275630988062950e-03
2.152275630988062950e-03
2.152275630988062950e-03
2.152275630988062950e-03
2.152275630988062950e-03
2.152275630988062950e-03
2.152275630988062950e-03
2.152275630988062950e-03
2.152275630988062950e-03
2.152275630988062950e-03
2.152275630988062950e-03
2.152275630988062950e-03
2.152275630988062950e-03
2.152275630988062950e-03
2.152275630988062950e-03
2.152275630988062950e-03
2.152275630988062950e-03
2.152275630988062950e-03
2.152275630988062950e-03
2.152275630988062950e-03
1.050665002942979404e-01
1.050665002942979404e-01
1.050665002942979404e-01
1.050665002942979404e-01
1.050665002942979404e-01
1.050665002942979404e-01
1.050665002942979404e-01
1.037647661292863677e-01
8.848651886196962080e-02
8.848651886196962080e-02
8.848651886196962080e-02
8.848651886196962080e-02
1.434850420658755326e-03
2.152275630988062950e-03
2.152275630988062950e-03
2.152275630988062950e-03
2.152275630988062950e-03
2.152275630988062950e-03
2.152275630988062950e-03
2.152275630988062950e-03
2.152275630988062950e-03
2.152275630988062950e-03
2.152275630988062950e-03
2.152275630988062950e-03
2.152275630988062950e-03
2.152275630988062950e-03
2.152275630988062950e-03
2.152275630988062950e-03
2.152275630988062950e-03
2.152275630988062950e-03
2.152275630988062950e-03
2.152275630988062950e-03
2.152275630988062950e-03
2.152275630988062950e-03
2.152275630988062950e-03
2.152275630988062950e-03
2.152275630988062950e-03
2.152275630988062950e-03
1.050665002942979404e-01
1.050665002942979404e-01
1.050665002942979404e-01
1.050665002942979404e-01
1.050665002942979404e-01
1.050665002942979404e-01
1.056674712634690511e-01
8.756009925476417044e-02
8.848651886196962080e-02
8.848651886196962080e-02
8.848651886196962080e-02
2.034894543994272484e-02
2.152275630988062950e-03
2.152275630988062950e-03
2.152275630988062950e-03
2.152275630988062950e-03
2.152275630988062950e-03
2.152275630988062950e-03
2.152275630988062950e-03
2.152275630988062950e-03
2.152275630988062950e-03
2.152275630988062950e-03
1.514813062855861203e-01
2.152275630988062950e-03
2.152275630988062950e-03
2.152275630988062950e-03
2.152275630988062950e-03
2.152275630988062950e-03
2.152275630988062950e-03
2.152275630988062950e-03
2.152275630988062950e-03
2.152275630988062950e-03
2.152275630988062950e-03
2.152275630988062950e-03
2.152275630988062950e-03
2.152275630988062950e-03
2.152275630988062950e-03
2.152275630988062950e-03
1.050665002942979404e-01
1.050665002942979404e-01
1.050665002942979404e-01
1.050665002942979404e-01
1.050665002942979404e-01
1.050665002942979404e-01
8.660173992287993616e-02
8.848651886196962080e-02
8.848651886196962080e-02
8.848651886196962080e-02
6.890759296468475237e-02
2.152275630988062950e-03
2.152275630988062950e-03
2.152275630988062950e-03
2.152275630988062950e-03
2.152275630988062950e-03
2.152275630988062950e-03
2.152275630988062950e-03
2.152275630988062950e-03
2.152275630988062950e-03
2.152275630988062950e-03
6.172044802235755745e-02
1.799999999999999933e-01
7.937876075037672216e-03
2.152275630988062950e-03
2.152275630988062950e-03
2.152275630988062950e-03
2.152275630988062950e-03
2.152275630988062950e-03
2.152275630988062950e-03
2.152275630988062950e-03
2.152275630988062950e-03
2.152275630988062950e-03
2.152275630988062950e-03
2.152275630988062950e-03
2.152275630988062950e-03
2.152275630988062950e-03
2.152275630988062950e-03
1.050665002942979404e-01
1.050665002942979404e-01
1.050665002942979404e-01
1.050665002942979404e-01
1.050665002942979404e-01
9.753913563236410456e-02
8.848651886196962080e-02
8.848651886196962080e-02
8.848651886196962080e-02
8.921086981254630621e-02
1.913133894211640519e-03
2.152275630988062950e-03
2.152275630988062950e-03
2.152275630988062950e-03
2.152275630988062950e-03
2.152275630988062950e-03
2.152275630988062950e-03
2.152275630988062950e-03
2.152275630988062950e-03
2.152275630988062950e-03
1.673992157435237821e-03
1.799999999999999933e-01
1.799999999999999933e-01
1.799999999999999933e-01
2.152275630988062950e-03
2.152275630988062950e-03
2.152275630988062950e-03
2.152275630988062950e-03
2.152275630988062950e-03
2.152275630988062950e-03
2.152275630988062950e-03
2.152275630988062950e-03
2.152275630988062950e-03
2.152275630988062950e-03
2.152275630988062950e-03
2.152275630988062950e-03
2.152275630988062950e-03
2.152275630988062950e-03
1.050665002942979404e-01
1.050665002942979404e-01
1.050665002942979404e-01
1.050665002942979404e-01
1.067875060943553611e-01
8.848651886196962080e-02
8.848651886196962080e-02
8.848651886196962080e-02
8.848651886196962080e-02
1.434850420658755326e-03
2.152275630988062950e-03
2.152275630988062950e-03
2.152275630988062950e-03
2.152275630988062950e-03
2.152275630988062950e-03
2.152275630988062950e-03
2.152275630988062950e-03
2.152275630988062950e-03
2.152275630988062950e-03
2.152275630988062950e-03
1.180902945690702199e-01
1.799999999999999933e-01
1.799999999999999933e-01
1.799999999999999933e-01
4.487932847540753584e-02
2.152275630988062950e-03
2.152275630988062950e-03
2.152275630988062950e-03
2.152275630988062950e-03
2.152275630988062950e-03
2.152275630988062950e-03
2.152275630988062950e-03
2.152275630988062950e-03
2.152275630988062950e-03
2.152275630988062950e-03
2.152275630988062950e-03
2.152275630988062950e-03
2.152275630988062950e-03
1.050665002942979404e-01
1.050665002942979404e-01
1.050665002942979404e-01
1.050665002942979404e-01
8.756009925476418432e-02
8.848651886196962080e-02
8.848651886196962080e-02
8.848651886196962080e-02
2.939031605932840296e-02
2.152275630988062950e-03
2.152275630988062950e-03
2.152275630988062950e-03
2.152275630988062950e-03
2.152275630988062950e-03
2.152275630988062950e-03
2.152275630988062950e-03
2.152275630988062950e-03
2.152275630988062950e-03
2.152275630988062950e-03
9.565669471059300892e-04
1.799999999999999933e-01
1.799999999999999933e-01
1.799999999999999933e-01
1.799999999999999933e-01
1.799999999999999933e-01
1.913133894211620353e-03
2.152275630988062950e-03
2.152275630988062950e-03
2.152275630988062950e-03
2.152275630988062950e-03
2.152275630988062950e-03
2.152275630988062950e-03
2.152275630988062950e-03
2.152275630988062950e-03
2.152275630988062950e-03
2.152275630988062950e-03
2.152275630988062950e-03
2.152275630988062950e-03
1.050665002942979404e-01
1.050665002942979404e-01
1.050665002942979404e-01
8.977825136420516938e-02
8.848651886196962080e-02
8.848651886196962080e-02
8.848651886196962080e-02
7.436289676624570355e-02
2.152275630988062950e-03
2.152275630988062950e-03
2.152275630988062950e-03
2.152275630988062950e-03
2.152275630988062950e-03
2.152275630988062950e-03
2.152275630988062950e-03
2.152275630988062950e-03
2.152275630988062950e-03
2.152275630988062950e-03
2.152275630988062950e-03
1.608672337987918366e-01
1.799999999999999933e-01
1.799999999999999933e-01
1.799999999999999933e-01
1.799999999999999933e-01
1.799999999999999933e-01
9.360912477615095095e-02
2.152275630988062950e-03
2.152275630988062950e-03
2.152275630988062950e-03
2.152275630988062950e-03
2.152275630988062950e-03
2.152275630988062950e-03
2.152275630988062950e-03
2.152275630988062950e-03
2.152275630988062950e-03
2.152275630988062950e-03
2.152275630988062950e-03
2.152275630988062950e-03
1.050665002942979404e-01
1.050665002942979404e-01
1.016030994657082381e-01
8.848651886196962080e-02
8.848651886196962080e-02
8.848651886196962080e-02
8.921086981254630621e-02
1.913133894211640519e-03
2.152275630988062950e-03
2.152275630988062950e-03
2.152275630988062950e-03
2.152275630988062950e-03
2.152275630988062950e-03
2.152275630988062950e-03
2.152275630988062950e-03
2.152275630988062950e-03
2.152275630988062950e-03
2.152275630988062950e-03
2.045244426412178365e-02
1.799999999999999933e-01
1.799999999999999933e-01
1.799999999999999933e-01
1.799999999999999933e-01
1.799999999999999933e-01
1.799999999999999933e-01
1.799999999999999933e-01
8.369960787175889866e-04
2.152275630988062950e-03
2.152275630988062950e-03
2.152275630988062950e-03
2.152275630988062950e-03
2.152275630988062950e-03
2.152275630988062950e-03
2.152275630988062950e-03
2.152275630988062950e-03
2.152275630988062950e-03
2.152275630988062950e-03
2.152275630988062950e-03
1.050665002942979404e-01
1.082220103983810994e-01
8.848651886196962080e-02
8.848651886196962080e-02
8.848651886196962080e-02
8.848651886196962080e-02
4.839279342070061662e-03
2.152275630988062950e-03
2.152275630988062950e-03
2.152275630988062950e-03
2.152275630988062950e-03
2.152275630988062950e-03
2.152275630988062950e-03
2.152275630988062950e-03
2.152275630988062950e-03
2.152275630988062950e-03
2.152275630988062950e-03
2.152275630988062950e-03
1.799999999999999933e-01
1.799999999999999933e-01
1.799999999999999933e-01
1.799999999999999933e-01
1.799999999999999933e-01
1.799999999999999933e-01
1.799999999999999933e-01
1.799999999999999933e-01
1.479917516921304965e-01
2.152275630988062950e-03
2.152275630988062950e-03
2.152275630988062950e-03
2.152275630988062950e-03
2.152275630988062950e-03
2.152275630988062950e-03
2.152275630988062950e-03
2.152275630988062950e-03
2.152275630988062950e-03
2.152275630988062950e-03
2.152275630988062950e-03
1.050665002942979404e-01
8.565688523361364437e-02
8.848651886196962080e-02
8.848651886196962080e-02
8.848651886196962080e-02
3.853241514007504920e-02
2.152275630988062950e-03
2.152275630988062950e-03
2.152275630988062950e-03
2.152275630988062950e-03
2.152275630988062950e-03
2.152275630988062950e-03
2.152275630988062950e-03
2.152275630988062950e-03
2.152275630988062950e-03
2.152275630988062950e-03
2.152275630988062950e-03
6.797993205792002280e-02
1.799999999999999933e-01
1.799999999999999933e-01
1.799999999999999933e-01
1.799999999999999933e-01
1.799999999999999933e-01
1.799999999999999933e-01
1.799999999999999933e-01
1.799999999999999933e-01
1.799999999999999933e-01
7.937876075037672216e-03
2.152275630988062950e-03
2.152275630988062950e-03
2.152275630988062950e-03
2.152275630988062950e-03
2.152275630988062950e-03
2.152275630988062950e-03
2.152275630988062950e-03
2.152275630988062950e-03
2.152275630988062950e-03
2.152275630988062950e-03
9.005422198513626797e-02
8.848651886196962080e-02
8.848651886196962080e-02
8.848651886196962080e-02
7.944783665155871755e-02
2.152275630988062950e-03
2.152275630988062950e-03
2.152275630988062950e-03
2.152275630988062950e-03
2.152275630988062950e-03
2.152275630988062950e-03
2.152275630988062950e-03
2.152275630988062950e-03
2.152275630988062950e-03
2.152275630988062950e-03
2.152275630988062950e-03
1.315279552270593984e-03
1.799999999999999933e-01
1.799999999999999933e-01
1.799999999999999933e-01
1.799999999999999933e-01
1.799999999999999933e-01
1.799999999999999933e-01
1.799999999999999933e-01
1.799999999999999933e-01
1.799999999999999933e-01
1.799999999999999933e-01
1.799999999999999933e-01
2.152275630988062950e-03
2.152275630988062950e-03
2.152275630988062950e-03
2.152275630988062950e-03
2.152275630988062950e-03
2.152275630988062950e-03
2.152275630988062950e-03
2.152275630988062950e-03
2.152275630988062950e-03
2.152275630988062950e-03
8.848651886196962080e-02
8.848651886196962080e-02
8.848651886196962080e-02
8.865599579978732103e-02
1.673992157435237821e-03
2.152275630988062950e-03
2.152275630988062950e-03
2.152275630988062950e-03
2.152275630988062950e-03
2.152275630988062950e-03
2.152275630988062950e-03
2.152275630988062950e-03
2.152275630988062950e-03
2.152275630988062950e-03
2.152275630988062950e-03
2.152275630988062950e-03
6.171604814031924485e-02
1.017861432736576616e-01
1.017861432736576616e-01
1.017861432736576616e-01
1.017861432736576616e-01
1.017861432736576616e-01
1.017861432736576616e-01
1.017861432736576616e-01
1.017861432736576616e-01
1.017861432736576616e-01
1.017861432736576616e-01
1.017861432736576616e-01
1.316670811267237930e-02
2.152275630988062950e-03
2.152275630988062950e-03
2.152275630988062950e-03
2.152275630988062950e-03
2.152275630988062950e-03
2.152275630988062950e-03
2.152275630988062950e-03
2.152275630988062950e-03
2.152275630988062950e-03
8.848651886196962080e-02
8.848651886196962080e-02
8.848651886196962080e-02
9.174772190617276613e-03
2.152275630988062950e-03
2.152275630988062950e-03
2.152275630988062950e-03
2.152275630988062950e-03
2.152275630988062950e-03
2.152275630988062950e-03
2.152275630988062950e-03
2.152275630988062950e-03
2.152275630988062950e-03
2.152275630988062950e-03
2.152275630988062950e-03
2.152275630988062950e-03
2.152275630988062950e-03
2.152275630988062950e-03
2.152275630988062950e-03
2.152275630988062950e-03
2.152275630988062950e-03
2.152275630988062950e-03
2.152275630988062950e-03
2.152275630988062950e-03
2.152275630988062950e-03
2.152275630988062950e-03
2.152275630988062950e-03
2.152275630988062950e-03
2.152275630988062950e-03
2.152275630988062950e-03
2.152275630988062950e-03
2.152275630988062950e-03
2.152275630988062950e-03
2.152275630988062950e-03
2.152275630988062950e-03
2.152275630988062950e-03
2.152275630988062950e-03
2.152275630988062950e-03
5.265422432143780640e-02
5.892114316637986349e-02
4.430057883808515007e-02
2.152275630988062950e-03
2.152275630988062950e-03
2.152275630988062950e-03
2.152275630988062950e-03
2.152275630988062950e-03
2.152275630988062950e-03
2.152275630988062950e-03
2.152275630988062950e-03
2.152275630988062950e-03
2.152275630988062950e-03
2.152275630988062950e-03
2.152275630988062950e-03
2.152275630988062950e-03
2.152275630988062950e-03
2.152275630988062950e-03
2.152275630988062950e-03
2.152275630988062950e-03
2.152275630988062950e-03
2.152275630988062950e-03
2.152275630988062950e-03
2.152275630988062950e-03
2.152275630988062950e-03
2.152275630988062950e-03
2.152275630988062950e-03
2.152275630988062950e-03
2.152275630988062950e-03
2.152275630988062950e-03
2.152275630988062950e-03
2.152275630988062950e-03
2.152275630988062950e-03
2.152275630988062950e-03
2.152275630988062950e-03
2.152275630988062950e-03
2.152275630988062950e-03
2.152275630988062950e-03
2.152275630988062950e-03
2.152275630988062950e-03
2.152275630988062950e-03
2.152275630988062950e-03
2.152275630988062950e-03
2.152275630988062950e-03
2.152275630988062950e-03
2.152275630988062950e-03
2.152275630988062950e-03
2.152275630988062950e-03
2.152275630988062950e-03
2.152275630988062950e-03
2.152275630988062950e-03
2.152275630988062950e-03
2.152275630988062950e-03
2.152275630988062950e-03
2.152275630988062950e-03
2.152275630988062950e-03
2.152275630988062950e-03
2.152275630988062950e-03
2.152275630988062950e-03
2.152275630988062950e-03
2.152275630988062950e-03
2.152275630988062950e-03
2.152275630988062950e-03
2.152275630988062950e-03
2.152275630988062950e-03
2.152275630988062950e-03
2.152275630988062950e-03
2.152275630988062950e-03
2.152275630988062950e-03
2.152275630988062950e-03
2.152275630988062950e-03
2.152275630988062950e-03
2.152275630988062950e-03
2.152275630988062950e-03
2.152275630988062950e-03
2.152275630988062950e-03
2.152275630988062950e-03
2.152275630988062950e-03
2.152275630988062950e-03
2.152275630988062950e-03
2.152275630988062950e-03
2.152275630988062950e-03
2.152275630988062950e-03
2.152275630988062950e-03
2.152275630988062950e-03
2.152275630988062950e-03
2.152275630988062950e-03
2.152275630988062950e-03
2.152275630988062950e-03
2.152275630988062950e-03
2.152275630988062950e-03
2.152275630988062950e-03
2.152275630988062950e-03
2.152275630988062950e-03
2.152275630988062950e-03
2.152275630988062950e-03
1.913133894211640519e-03
5.978543419412063464e-04
8.740345257520695799e-03
1.398881011027697251e-16
1.913133894211620353e-03
2.152275630988062950e-03
2.152275630988062950e-03
2.152275630988062950e-03
2.152275630988062950e-03
2.152275630988062950e-03
2.152275630988062950e-03
2.152275630988062950e-03
2.152275630988062950e-03
2.152275630988062950e-03
2.152275630988062950e-03
2.152275630988062950e-03
2.152275630988062950e-03
2.152275630988062950e-03
2.152275630988062950e-03
2.152275630988062950e-03
2.152275630988062950e-03
2.152275630988062950e-03
2.152275630988062950e-03
2.152275630988062950e-03
2.152275630988062950e-03
2.152275630988062950e-03
2.152275630988062950e-03
2.152275630988062950e-03
2.152275630988062950e-03
2.152275630988062950e-03
2.152275630988062950e-03
2.152275630988062950e-03
2.152275630988062950e-03
2.152275630988062950e-03
2.152275630988062950e-03
2.152275630988062950e-03
2.152275630988062950e-03
8.369960787177288487e-04
1.085717195097800070e-01
1.050665002942979404e-01
1.050665002942979404e-01
1.050665002942979404e-01
1.050665002942979404e-01
8.769289231105027727e-02
8.369960787176488346e-04
2.152275630988062950e-03
2.152275630988062950e-03
2.152275630988062950e-03
2.152275630988062950e-03
2.152275630988062950e-03
2.152275630988062950e-03
2.152275630988062950e-03
2.152275630988062950e-03
2.152275630988062950e-03
2.152275630988062950e-03
2.152275630988062950e-03
2.152275630988062950e-03
2.152275630988062950e-03
2.152275630988062950e-03
2.152275630988062950e-03
2.152275630988062950e-03
2.152275630988062950e-03
2.152275630988062950e-03
2.152275630988062950e-03
2.152275630988062950e-03
2.152275630988062950e-03
2.152275630988062950e-03
2.152275630988062950e-03
2.152275630988062950e-03
2.152275630988062950e-03
2.152275630988062950e-03
2.152275630988062950e-03
2.152275630988062950e-03
2.152275630988062950e-03
2.152275630988062950e-03
2.983162972324896953e-02
5.145711233165509157e-02
5.145711233165509157e-02
5.145711233165509157e-02
5.145711233165509157e-02
5.145711233165509157e-02
5.145711233165509157e-02
5.145711233165509157e-02
1.673992157435157807e-03
2.152275630988062950e-03
2.152275630988062950e-03
2.152275630988062950e-03
2.152275630988062950e-03
2.152275630988062950e-03
2.152275630988062950e-03
2.152275630988062950e-03
2.152275630988062950e-03
2.152275630988062950e-03
2.152275630988062950e-03
2.152275630988062950e-03
2.152275630988062950e-03
2.152275630988062950e-03
2.152275630988062950e-03
2.152275630988062950e-03
2.152275630988062950e-03
2.152275630988062950e-03
2.152275630988062950e-03
2.152275630988062950e-03
2.152275630988062950e-03
2.152275630988062950e-03
2.152275630988062950e-03
2.152275630988062950e-03
2.152275630988062950e-03
2.152275630988062950e-03
2.152275630988062950e-03
2.152275630988062950e-03
2.152275630988062950e-03
2.152275630988062950e-03
2.152275630988062950e-03
2.152275630988062950e-03
2.152275630988062950e-03
2.152275630988062950e-03
2.152275630988062950e-03
2.152275630988062950e-03
2.152275630988062950e-03
2.152275630988062950e-03
2.152275630988062950e-03
2.152275630988062950e-03
2.152275630988062950e-03
2.152275630988062950e-03
2.152275630988062950e-03
2.152275630988062950e-03
2.152275630988062950e-03
2.152275630988062950e-03
2.152275630988062950e-03
2.152275630988062950e-03
2.152275630988062950e-03
2.152275630988062950e-03
2.152275630988062950e-03
2.152275630988062950e-03
2.152275630988062950e-03
2.152275630988062950e-03
2.152275630988062950e-03
2.152275630988062950e-03
2.152275630988062950e-03
2.152275630988062950e-03
2.152275630988062950e-03
2.152275630988062950e-03
2.152275630988062950e-03
2.152275630988062950e-03
2.152275630988062950e-03
2.152275630988062950e-03
2.152275630988062950e-03
2.152275630988062950e-03
2.152275630988062950e-03
2.152275630988062950e-03
2.152275630988062950e-03
2.152275630988062950e-03
2.152275630988062950e-03
2.152275630988062950e-03
2.152275630988062950e-03
2.152275630988062950e-03
2.152275630988062950e-03
2.152275630988062950e-03
2.152275630988062950e-03
2.152275630988062950e-03
2.152275630988062950e-03
2.152275630988062950e-03
2.152275630988062950e-03
2.152275630988062950e-03
2.152275630988062950e-03
2.152275630988062950e-03
2.152275630988062950e-03
2.152275630988062950e-03
2.152275630988062950e-03
2.152275630988062950e-03
2.152275630988062950e-03
2.152275630988062950e-03
2.152275630988062950e-03
2.152275630988062950e-03
2.152275630988062950e-03
2.152275630988062950e-03
2.152275630988062950e-03
2.152275630988062950e-03
2.152275630988062950e-03
2.152275630988062950e-03
2.152275630988062950e-03
2.152275630988062950e-03
2.152275630988062950e-03
2.152275630988062950e-03
2.152275630988062950e-03
2.152275630988062950e-03
2.152275630988062950e-03
2.152275630988062950e-03
2.152275630988062950e-03
2.152275630988062950e-03
2.152275630988062950e-03
2.152275630988062950e-03
2.152275630988062950e-03
2.152275630988062950e-03
2.152275630988062950e-03
2.152275630988062950e-03
2.152275630988062950e-03
2.152275630988062950e-03
2.152275630988062950e-03
2.152275630988062950e-03
2.152275630988062950e-03
2.152275630988062950e-03
2.152275630988062950e-03
2.152275630988062950e-03
2.152275630988062950e-03
2.152275630988062950e-03
2.152275630988062950e-03
2.152275630988062950e-03
2.152275630988062950e-03
2.152275630988062950e-03
2.152275630988062950e-03
2.152275630988062950e-03
2.152275630988062950e-03
2.152275630988062950e-03
2.152275630988062950e-03
2.152275630988062950e-03
2.152275630988062950e-03
2.152275630988062950e-03
2.152275630988062950e-03
2.152275630988062950e-03
2.152275630988062950e-03
2.152275630988062950e-03
2.152275630988062950e-03
2.152275630988062950e-03
2.152275630988062950e-03
2.152275630988062950e-03
2.152275630988062950e-03
2.152275630988062950e-03
2.152275630988062950e-03
2.152275630988062950e-03
2.152275630988062950e-03
2.152275630988062950e-03
2.152275630988062950e-03
2.152275630988062950e-03
2.152275630988062950e-03
2.152275630988062950e-03
2.152275630988062950e-03
2.152275630988062950e-03
2.152275630988062950e-03
2.152275630988062950e-03
2.152275630988062950e-03
2.152275630988062950e-03
2.152275630988062950e-03
2.152275630988062950e-03
2.152275630988062950e-03
2.152275630988062950e-03
2.152275630988062950e-03
2.152275630988062950e-03
2.152275630988062950e-03
2.152275630988062950e-03
2.152275630988062950e-03
2.152275630988062950e-03
2.152275630988062950e-03
2.152275630988062950e-03
2.152275630988062950e-03
2.152275630988062950e-03
2.152275630988062950e-03
2.152275630988062950e-03
2.152275630988062950e-03
2.152275630988062950e-03
2.152275630988062950e-03
2.152275630988062950e-03
2.152275630988062950e-03
2.152275630988062950e-03
2.152275630988062950e-03
2.152275630988062950e-03
2.152275630988062950e-03
2.152275630988062950e-03
2.152275630988062950e-03
2.152275630988062950e-03
2.152275630988062950e-03
2.152275630988062950e-03
2.152275630988062950e-03
2.152275630988062950e-03
2.152275630988062950e-03
2.152275630988062950e-03
2.152275630988062950e-03
2.152275630988062950e-03
2.152275630988062950e-03
2.152275630988062950e-03
2.152275630988062950e-03
2.152275630988062950e-03
2.152275630988062950e-03
2.152275630988062950e-03
2.152275630988062950e-03
2.152275630988062950e-03
2.152275630988062950e-03
2.152275630988062950e-03
2.152275630988062950e-03
2.152275630988062950e-03
2.152275630988062950e-03
2.152275630988062950e-03
2.152275630988062950e-03
2.152275630988062950e-03
2.152275630988062950e-03
2.152275630988062950e-03
2.152275630988062950e-03
2.152275630988062950e-03
2.152275630988062950e-03
2.152275630988062950e-03
2.152275630988062950e-03
2.152275630988062950e-03
2.152275630988062950e-03
2.152275630988062950e-03
2.152275630988062950e-03
2.152275630988062950e-03
2.152275630988062950e-03
2.152275630988062950e-03
2.152275630988062950e-03
2.152275630988062950e-03
2.152275630988062950e-03
2.152275630988062950e-03
2.152275630988062950e-03
2.152275630988062950e-03
2.152275630988062950e-03
2.152275630988062950e-03
2.152275630988062950e-03
2.152275630988062950e-03
2.152275630988062950e-03
2.152275630988062950e-03
2.152275630988062950e-03
