-0.0021622564815996829
0.0079679188813593475
-0.0030665358016481467
-0.00091148934954741795
0.0072189252697530681
-0.010917016315509351
0.002789284000032438
0.0041211163597858038
-0.0066661837014101678
0.0012776623633220941
-0.0023526323822430271
0.0016603209970431688
0.0063862022201883941
-0.010717123741993836
-0.0015436668524202364
-0.0024414168306523673
0.0044733073979095934
0.0030819643142579616
-0.002518838758368145
-0.00039902328063166285
-0.0017172845456585597
0.0089313071380106041
-0.0041242126503707914
-0.0030474693427343632
0.0047137374511593893
-0.00031398212355351619
-0.0040399264355447523
0.0048093120748209858
-0.0036950589223353242
0.0022287368027147283
-0.003870192148353044
-0.00092254258405258444
0.0073566022644980834
-0.011625674491392934
0.0030016465118434415
0.0025368473214153419
-0.01406131350549763
0.019369433407304345
-0.0047994529579405802
-0.0039022606544961416
0.011797710146088557
-0.0019457622460261287
0.012732736724984272
-0.0024399685589728722
-0.013944586800269368
0.028642100339697246
0.00033497063733845862
0.0034349108800793039
-0.0094336641088710611
-0.00040253867687065059
0.002633469329661508
0.0057952224740371984
-0.0026846620750785753
-0.018587047992014646
0.0076476310173239923
0.00047211049722990285
-0.0071754354432632993
-0.00046099130616790337
0.0068237931511571336
-0.0084659023392326584
0.007104028354963975
-0.010567686937514436
0.0029488568486902116
0.0048980001792294945
-0.012922096245584354
0.00087461519959332746
-0.0044592412466560013
-0.00758991746473514
0.0043363014411376697
-0.01464709425438252
0.0014333548866513589
-0.0068770081046563474
-0.010148280308793228
0.0012294507639689714
-0.019090133907713639
-0.00096836694145865704
0.013565813215297109
-0.029452199397554238
-0.0076845557675504807
-0.0025278846048405121
0.010327404100127143
-0.0064028794818277246
-5.2170533125913218e-06
-0.0053883053482803997
0.013355258055159398
0.015511361447616933
-0.010641662439740055
0.010542060813255075
-0.00048467347833496379
-0.0022602382442655613
-0.0063769349810179387
0.0031523893233157134
-0.010614570921565872
0.013755691227771082
0.011386536689718028
-0.0073053709320895898
0.014983824026538259
0.013273534559210813
0.0080372297957689333
0.0095476295409267532
0.0084297124194988114
0.0020305698640393183
-0.00019151107471535229
0.013060007395494833
0.010252166071209419
-0.0010762993858495734
0.015522792441297756
0.012009289314467137
0.0012769419287366145
0.007467787363330031
0.014589565394644503
-7.9888566878863883e-05
-0.0063712683925428613
0.0045030687588309779
0.0036604729857887047
0.0024414776510980731
-0.0067259172381755501
-0.0030439459560539831
0.009292365472447708
-0.013122148071102648
0.0058475936414113814
0.0021817607700416958
0.003999207713759478
0.00056815233834511293
0.0067530946863419141
-0.010722992956836614
-0.023967925137504436
0.0094409505463730475
-0.011983515591900884
-0.022622948395703064
-0.01492297592778233
-0.01224205569004096
-0.014580852645051989
0.0016075962766321031
-0.0032329425927107242
-0.011985117514935049
-0.010900197067835418
0.0031327083590871221
-0.0038507419802880495
-0.014260404099656903
-0.0081619948055524326
0.012509776630580335
-0.01264806830632853
0.0019344561616929557
-0.00021854410519078305
0.0049243013810329681
-0.0026936531155955122
0.0045015603243320655
-0.0043754490505239461
-0.0081986415212544558
-0.007192691124596081
-0.0010864427191601036
-0.0051142884746081625
-0.0063201412854859817
-0.0088596543277007743
-0.0031332533436859884
-0.0031997678689718282
-0.00062150940987257979
0.018479609982152864
-0.0093729041006314871
0.0021044650800087555
0.018840652417865637
0.01546335620039478
0.0078443083914896041
0.0077585728536139677
-0.0060961782404423724
-0.0028524795205191011
-0.0021300862685231523
0.0025291689707684657
-0.0040763779782070214
-0.001790741322536465
0.012801661853096934
0.0051085096970852947
-0.013036678831191851
-0.0042670486485984899
-0.00077718735930486476
0.0027457449252174895
-0.0038637886544406882
0.0027544024605545584
0.0018683059939697631
0.012022339537250792
0.016338347658037419
0.0069838020360249763
0.015661046426800159
-0.0020494082411907171
0.0026385830666147986
0.0013341148429988963
0.00054293127988843737
-0.0035191440519911198
0.0067446149784380956
0.006529727852705937
0.013675449654054374
0.013951617277728453
-0.0011929801339358582
-0.009147859573425678
-0.006334718123192566
-0.0049977556437799673
-0.00231642518525608
0.00032601658365293511
0.0065752694255857636
0.0074180521592512568
0.0023769965888026769
0.0079931817221052942
0.0042713163198641532
0.009309494943526524
0.0067338323328342744
0.018231848359696663
0.0044602041662966637
-7.0637985547274048e-05
-0.00039091044211010505
0.0049748755656229106
-0.0035957751685906985
-0.006253121045164939
-0.013809384893968147
-0.007591350660524205
-0.019147996812615878
-0.0018636563383274086
-0.0027334276007160902
0.00013308348031904429
-0.00640897691930431
-0.0011674664087707905
-0.011873151640940506
-0.035372158961991022
-0.024633981582383811
-0.033011574988587783
-0.025843165891225716
-0.0062222543202021651
-0.0060968885854845185
-0.0080973426047152002
-0.0053452466945171804
-0.0085446169832790395
-0.015488954752707456
-0.020354979763649396
-0.0022760764475316738
-0.0062796616342029009
-0.015455751252228284
-0.0094695697554110225
-0.0020791447298420794
-0.015402107086878721
-0.0054730451275077615
0.00032264136141851591
0.0080786882033025784
-9.601610974730186e-05
0.0092081980332888273
0.0055818238611153826
0.0069375797258805971
0.005951094972755552
0.005948864320923156
0.0024841331014613184
-0.011231570208161403
-0.014735194590611334
-0.00027911770013849314
0.0063534670622978386
0.013054286247813671
0.059953021480968816
0.040540757311166728
0.049728278434708367
0.058970612343789454
0.019846752679782146
0.012420833616602837
0.0096403504895676961
-0.0049667104956291957
-0.0045698015646152019
0.0026006453891352947
0.0084494774125361948
0.004096368387807834
0.0091821977914804676
0.026978172612413708
0.010077799316033701
0.0074335438732944792
0.0051937170685173294
0.0074912179510065614
0.0025302946051804368
0.0011649783950910193
-0.00055452545000185386
0.0038179493568607928
0.0021278056226125795
0.0071100360006759403
-0.0003941767196890302
0.0084990292931033835
-0.0059318209038535128
0.005752158224390666
0.0021482796526095956
-0.002593922291205739
-0.025920967517076118
-0.02124015041552705
0.10663718047178224
0.12275535519180332
0.11667797435995479
0.095314503894248642
-0.03550420054995606
-0.032405731494151817
-0.031143900990757246
-0.010100376653196224
-0.0056425591643872461
-0.0054690083987202287
-0.0022853721016403618
-0.007384421525542726
-0.0066276189703902318
-0.0070647172026869149
-0.0017534253899359764
0.0007709374051274423
0.010386477651614231
0.0059939248990326793
0.00055200943916636962
0.00075232945279220937
0.0086811117122062263
-0.0038323760427831231
-0.00014511088784623967
-0.012749859543136569
-0.011682711253141988
-0.020895827016546992
-0.0087042145222331092
-0.0081466849217575656
-0.0056458515977367511
-0.0094822924732157494
0.032507018527741502
0.026282657271072287
0.087389921012044125
0.084339832854214231
0.087386974376601673
0.10776295609011975
0.041302169641405158
0.03519405442864542
0.032303827832020029
-0.0046329321369188705
-0.010399248495309359
-0.016176167079291641
-0.02066069260585358
0.0011217222011405145
0.0051823485101288175
-0.0060387340873388502
0.0030316149307985096
-0.0025417675207501274
-0.0091832374166028706
-0.0052817570491700688
0.00550422455916506
0.010728630789283022
0.0073321515778599512
0.0098752278231226433
0.015606332699701868
0.017607566944435288
0.017634834674841102
0.013131658568222281
0.010622447092389251
-0.022251003899071899
-0.029362073050717741
-0.011929535383250919
0.13021681973489679
0.13754761232055346
0.1110505037060025
0.10225201421434774
0.10381564637727766
0.095570627810558986
0.12808928006012679
0.12637047703342116
0.1230932515114232
-0.022099115738150325
-0.022399236755083676
0.0045133978317609411
0.0094708154811923087
0.0028695326843397816
0.0099775831561263271
0.026597798169474645
0.012726398055612823
0.017994000621464449
0.014146511663280932
0.016495689148867385
0.007768002361639003
0.0012409395236337632
-0.0035717593771651592
0.0022203916293187203
-0.012027411430726347
-0.0097273206023158823
-0.017572441706931955
-0.005634233817542334
-0.013246245796488742
0.030411354284769647
0.024546705600304367
0.019885738839078865
0.061735265157030331
0.056169976674906967
0.067091142698326195
0.089572087361565647
0.085445783120577171
0.070379107607945177
0.05995088619434033
0.060027637664918213
0.065837473159547466
0.014134025444107027
0.019106955731695071
-0.018222750427344794
-0.012182795959370395
-0.016884137365253946
-0.020256092148999004
-0.013151236241846512
-0.017548319707768489
-0.0043611123300950289
-0.00098812652413912379
0.0079246185812149473
0.00101399175102318
0.0058443709921215383
0.015517185756865025
0.0068894853958150273
0.012167080120036684
0.0016576657961192493
0.0015047410671135762
-0.022769961402207453
-0.020263139275060821
0.11024471195808955
0.11883397204576712
0.11524132300775325
0.099062587669017321
0.11937025399273173
0.12769111295098318
0.11361624014568172
0.11877382232309956
0.13830655021278285
0.12387630267489459
0.098735815636618415
0.088482524737267018
0.12062785974221527
0.11175664909817627
-0.024646259038154372
-0.027081084088780273
0.012541543946543507
0.019272938412053756
0.012833300443052687
0.026317692021038674
0.010728473240239641
0.0043145335744707311
0.0057198235125099925
0.013635318863592623
0.016356224907019858
0.009145035023168907
0.0023281498111046412
0.019567227955456425
0.018193050096642002
0.016780290400451755
0.041125695699663602
0.040802000991534783
0.084959886634284207
0.067349862258458348
0.082342847431380137
0.099457965752130159
0.05812940531157957
0.067133160794892136
0.072505860785042842
0.067674352397465415
0.050038719318390254
0.045116033554257841
0.089890508132457511
0.087180549313076325
0.070498292855233152
0.0757595790224182
0.029667170325579084
0.033914416968493455
-0.0069570628398971475
0.00080699341627878552
0.0086267433892726168
-1.7426403345021193e-05
0.010039148704130434
0.021628181804036351
0.022735499244298952
0.012311318223761917
-0.0012235380252176966
0.00048728489380944838
0.00041658180763602334
-0.0330026111380569
-0.038859860247663955
-0.04601742664617843
0.09817330755467446
0.095932940418229654
0.071934505900090026
0.066021738975062014
0.064644157135333502
0.056811058206128286
-0.06939884543445779
-0.071661059661584939
-0.055791945267000612
-0.053332000452621868
-0.063287003235576039
-0.065316290806618202
0.058329463822562669
0.06631668040396009
0.053619763163144152
0.063567227381454719
0.094240058672113894
0.10009665096209419
-0.032032084573767113
-0.035295502729215111
-0.0052676048582148928
-0.018614784602902126
0.0023411467428847013
-0.0071009052620200908
0.012211303516344427
0.010454955683652099
0.020153359674735805
0.029744327917707376
0.025376834655596196
0.065072448830414686
0.057613992836922541
0.052235426278247385
0.10931364607979231
0.10212031984257146
0.10403697928552309
0.10459545383759106
0.098101898018664549
0.11452194070732336
0.049087992556010582
0.061650399608033583
0.055708445376918929
0.05749916207883142
0.064520644932429941
0.046164835289174304
0.10771411669259075
0.096359983245075456
0.10739005717983008
0.10007945164667856
0.095198112336428539
0.091904855145147943
0.047225485607976646
0.06464174556485297
0.032292125551503986
0.041526425202163493
0.032491649866305705
0.026643967798246977
0.020747483511720937
0.022211839710762606
0.017518269659600221
-0.011231619673329814
-0.029920322936309481
0.10788845143258795
0.11114326399055655
0.11085281617423685
0.061276838843469648
0.067540068380336118
0.073510673216609951
0.054209058354046047
0.05432366197009731
0.070729867408747149
0.11471591327561653
0.12037757861382722
0.13296248397924876
0.12724192315172131
0.10310208769960791
0.10033397053831773
0.059284294837718597
0.057426239947727595
0.049690646437446098
0.058790209872004777
0.053126295799960518
0.063581468586289838
0.095340746070712176
0.089109383887814475
-0.035950933937020139
-0.036818822301066319
-0.021051663072504646
0.018378372016031305
0.026287249650140735
0.019125925298958298
0.004598851491438097
0.047186617146989726
0.03815580733206942
0.094802733627781258
0.082300563992296447
0.074465778173015224
0.09734726147588002
0.090789664284455673
0.081229537922722195
0.072260933427961249
0.071510588690670507
0.061835511238503192
0.059513671448303385
0.052481163773476835
0.069775157758646386
0.071797813602422544
0.069277904206775515
0.072832106113540726
0.066465597579881269
0.07563690520906223
0.065602529546957777
0.075896406305067068
0.088144222717590134
0.096502733543679428
0.089292239645135385
0.10046982024882944
0.04604976822196926
0.029300394193021648
0.053323802740945378
0.00078659585724042498
0.023731073841641449
0.023689193109105795
0.030161881595891105
0.15664724485242076
0.14953050737327453
0.13027013160506951
0.12570104505864185
0.11174198589948428
0.11931254967813321
0.10912641891812142
0.10805751608716357
0.10749380065619443
0.10202347118662906
0.12354486793177552
0.1198425978136226
0.1292203462287192
0.1196937054334079
0.11239187367895802
0.11453412988806065
0.091705644369006342
0.11431676560142404
0.103091267875936
0.10626205486812056
0.10008186633210794
0.10125480788547961
0.098200179714725402
0.094165501662246645
0.1151581453093062
0.15207809018487264
0.15461211767548963
0.15624865776262256
0.033605614360894522
0.03501145326136236
0.03110761130482036
0.017262339658511146
0.075241496760368343
0.049218241941730481
0.052368839377647629
0.046624010240229649
0.04291498975564103
0.01880891044368356
0.027974122385955973
0.030222929932573417
0.0084076125966119231
-0.013100405089533678
0.0025415008641482078
0.020325601817663144
0.032272197610054149
0.054202111776985126
0.049454962140776701
0.022213086537067047
0.012144311275327554
-0.002776320335982962
-0.0056922563391075438
-0.0036296551233990751
0.0054241204464626977
0.020389559863894059
0.018470643138722712
0.035523014199216774
0.041854062328149019
0.037811572504551728
0.035609377333817076
0.055737664671371527
0.015990236009340738
0.029544057524314275
0.030776629587980445
0.012541511468740709
0.0036541143318588069
-0.027079181323907586
-0.0074750164429409679
-0.020261563484335974
-0.036948683141373
-0.03391380022583608
-0.030554900674916244
-0.040369756165664232
-0.051077242859840812
-0.042717313310821639
-0.047565372014387312
-0.045823773726810742
-0.051952500983673301
-0.043688251753291073
-0.040918183879947161
-0.045091379587432416
-0.044803007148226257
-0.042546076579596456
-0.038838919582968937
-0.056728952063057322
-0.040285645262853095
-0.039722298546198999
-0.033600288638824881
-0.029330843616205238
-0.0032565191732085762
-0.020690425313523934
-0.0277241528438768
0.0035286878834309074
0.017407438787097912
0.035747603245708054
0.038009897106871415
0.037390070320860364
0.036182973777915177
0.019974843291334664
0.010655783832284424
0.015025701051721865
-0.0026838103181069323
0.0032942759439681954
-0.00079309930794589818
-0.0034017017412680123
-0.00093174930485244163
-0.024082561860269469
-0.006085557442680703
-0.0025963045424249151
0.014015918144253783
0.017867038221022501
0.0067707347199652216
-0.016199496678073994
-0.035555093658265209
-0.0086704767601713841
-0.021793694684794498
-0.01047787899006946
-0.012806399808673445
-0.0088702667358603188
-0.020276045862105758
-0.022246920991371908
-0.0039852760809741226
0.010089803112405565
0.0097769683126757174
0.033645690408057399
0.036701734364060122
0.037107252534309215
0.032813116247386094
0.014611328443034619
0.023815513065997971
0.0064871435445473134
-0.019571026827335594
-0.013927468010833693
-0.018038406516535002
-0.04971478350625088
-0.016619010668625457
-0.012833350480138891
-0.015204562144932448
-0.060848833026676465
-0.052271120195160926
-0.047655576517463327
-0.031311992426896237
-0.0044181612327000809
-0.0047082405436176689
-0.034923571427263038
-0.033474426438962826
-0.035680672887904212
-0.046413954328059226
-0.025187576388649366
-0.022777880996854755
-0.010429506690044841
-0.02909507615570571
-0.00022337087883797743
-0.0080006650623896461
-0.028149961555573644
-0.0089076588331193102
-0.002407206319203989
0.01728182494111917
0.025189406128060362
0.035519759331054571
0.021106159889474087
0.020423206423054074
0.0039409939926781604
0.040498986863842006
0.040992308880606711
0.038473267206386282
0.034423283352895739
0.0030350201096420596
-0.015543273566832716
-0.016037946059820021
0.03154736848968933
0.027645690822486073
0.032067517133419682
-0.015186211149847237
-0.0081733472723707172
-0.027543109059879368
0.0095455047896848746
0.018827811779159556
0.030408041403459762
0.029121068989898059
-0.01695601598908681
-0.014585604845152528
-0.0099860451513177507
0.027404556335756877
0.023492745308393018
0.047091698627966146
0.027827180327382493
0.010463192365543675
0.023125473137932638
0.032806938121892608
0.034646608895916205
0.039535504278991537
0.036284938333535043
0.026259508843814911
0.015497528288126974
0.10687861044302352
0.12612173329913337
0.10894739329127556
0.11295369767118316
-0.0073128299651422897
-0.01314571138201325
-0.0013477011670945192
0.098071080539547495
0.10445446991285955
0.10066048983919752
-0.012507915146013002
0.0056760684698519267
-0.0045541148737302736
0.099341391382018349
0.096368057533394086
0.12627931495012568
0.10393096036280661
-0.015402670816232819
-0.019488810516813858
-0.0025172232692126642
0.11186323556890648
0.10714795103206015
0.11553733647350536
0.098704896914058871
-0.0099045547561629945
0.012106165359139566
0.028825298620220381
0.025680344945508474
0.025328449688425469
0.020405978572291972
0.0079842542572225398
0.00267249007853216
0.093048530705555799
0.10821776618501686
0.1089858890182528
0.07938244934835717
-0.008359089252388853
-0.01655003702091758
-0.009026722021444231
0.057575979109573239
0.062791435050247937
0.064791806906877622
-0.037064611702659039
-0.017082163829093038
-0.024265090516876708
0.061269524525378941
0.086377474508824575
0.075882252908378536
0.063246068339886219
-0.015712536816937912
-0.018269242502803363
0.005131776854744927
0.091143951206966695
0.12477400019284957
0.11870618722212353
0.089889430895728498
-0.0023134394029435822
-0.0017316687916785806
0.025368400312760844
0.026728136968011122
0.032444303679576902
0.034062853361854217
0.023498844977012233
0.016306739804086579
0.077449198620133344
0.072823384880292441
0.074356483349448832
0.068145399159404013
0.013230862754756136
-0.011438600973684472
-0.0036192110256760505
0.077453734719779371
0.067567671693874426
0.068781229328728474
0.00092949875000806657
0.0019184810784525646
-0.022281972125123117
0.030629523264959855
0.050024434288843608
0.067778540682129296
0.060541954862825639
-0.0086665778190561666
-0.0084681077198658361
-0.0099037621616811927
0.046222584244238196
0.032468062620396781
0.062054149917105235
0.042533654142876999
0.020695610079832918
0.022074662596129408
0.032794796797976193
0.030135859211967771
0.027178891982346472
0.030022286772516758
0.0044532776669503711
0.0040507581394980769
0.090665238258889211
0.11470633076082484
0.098140002497975401
0.10212985017861742
-0.015229224125439266
-0.019366173286587178
-0.0026338309757811254
0.091881220694917776
0.086380453348839467
0.074518872815794848
-0.03840747610759912
-0.013786726483021015
-0.0080696930782552575
0.10566492670205876
0.11778886677398596
0.13213841779653379
0.099435999682183723
-0.0095986218723028965
-0.016613613132183264
0.014649819855718112
0.13171988381144681
0.13811079747550387
0.13328089649308097
0.093517395198229214
-0.021650466192648269
-0.013700774122975596
0.012907669391358253
0.009850185760082961
0.01050850903019079
0.020509362405218712
0.0031584982818604365
0.014725462447810835
0.099334849002221406
0.11383015284900298
0.12703079168421577
0.08992681786233378
0.018901490134379435
-0.0098125993447404653
0.0017495530936636205
0.077088065227598729
0.091375801624120054
0.089665189952000582
-0.0063923352680733628
0.0020287880111064631
-0.042445229376778276
0.040698651292104537
0.085710484459314604
0.057051871524633369
0.058272271115886641
0.0040196884142112742
-0.014167622660158875
0.0053162942644364537
0.046464467413424616
0.10008893054796936
0.080194915463525085
0.088727084571164544
0.026622555907069433
0.010347951245624298
0.033271817161618047
0.025580069791582512
0.030313973440337767
0.025807941271000563
0.015180761683455279
0.0011772666842724778
0.055448761555270142
0.037150121149032787
0.0509290003847164
0.034629161683659294
0.0075263721585474806
-0.023406724580862306
-0.004352791788609243
0.07096009553272975
0.05703193816830051
0.041065310809167865
-0.024318716488288906
-0.0097568817466767224
0.0062989771579869402
0.074814524177711783
0.074527023916999724
0.093563637354593512
0.077699822577653094
-0.0086045005360326186
-0.0093005070278526347
0.0093601201267154537
0.079023338591227052
0.056517516904239853
0.067292168855483336
0.030410138213382645
-0.0074619935679310677
-0.012867815761206691
0.0093270189198254444
-0.0020100500989542712
0.0050648194955914593
0.0088557970093060042
-0.0023898722344021994
0.0042269849569145264
0.14627352745762975
0.18227332532810003
0.1648185155222302
0.17974276755223517
0.0045397382052979477
-0.0039431904478316624
-0.0015281082631449562
0.1414293100793543
0.15475461462901999
0.16507823014539968
-0.017115084979729391
0.0047758391018561351
-0.035074943515200366
0.13602176709610195
0.15852534245219407
0.13522487991326151
0.13467518231240685
-0.0020030245245394721
-0.012206403015404151
0.011594200151895159
0.14430614241951686
0.17052952685274095
0.15503841202387675
0.15852346159192371
0.0021050443041520889
0.007246809233104219
0.020038146265881417
0.01584950192426219
0.016735909438896999
0.015406831611507812
0.010723933556719953
0.00419888701738303
0.024020361953243922
-0.010829159363296904
0.024804613969133176
-0.028919793443042938
0.0087989403778898495
-0.0074991548775319222
-0.00237453040949283
0.0045709733813871977
-0.0099424187099099639
-0.0098969533689820133
-0.014723257346280829
-0.010535964920606718
