0.0034685847349464893
0.0019717933610081673
-0.036212079226970673
0.0067737330682575703
-0.0010524009121581912
-0.0028215441852807999
0.031184997409582138
0.0033385115675628185
-0.028368718922138214
-0.0097738970071077347
-0.016790298745036125
-0.003648173063993454
0.022326257079839706
-0.01016063429415226
-0.016597859561443329
-0.018665002658963203
-0.00074703991413116455
-0.010479479096829891
0.011456566862761974
-0.0015793157508596778
0.0023303544148802757
0.0072876620106399059
-0.0093462169170379639
0.011116020381450653
0.010228822007775307
-0.027614826336503029
-0.050803299993276596
0.0024074707180261612
-0.026205090805888176
-0.00025933852884918451
0.01428474485874176
-0.070615418255329132
-0.069914154708385468
0.011468092910945415
-0.0011770267738029361
-0.030211389064788818
-0.0021751481108367443
-0.043987106531858444
-0.029388986527919769
0.0088935839012265205
0.01460581086575985
-0.0091232769191265106
0.0078827943652868271
0.00042932888027280569
-0.0038450481370091438
0.0046215448528528214
-0.014312675222754478
0.00075022992677986622
-0.025051509961485863
-0.017423480749130249
-0.0087768398225307465
0.020777851343154907
-0.0018870995845645666
-0.015399276278913021
-0.0058558937162160873
-0.027060670778155327
-0.0056750327348709106
0.026218436658382416
-0.006652213167399168
-0.0045820265077054501
0.0020369812846183777
-0.033315990120172501
0.0066440068185329437
0.0067794406786561012
0.00015365576837211847
0.034012891352176666
-0.0082802865654230118
0.0089157642796635628
-0.00021343716070987284
-0.013314337469637394
0.036072477698326111
0.029808850958943367
-0.0043451497331261635
0.0042265187948942184
-0.00091548770433291793
-0.0083252554759383202
0.01627746969461441
0.038806021213531494
0.031001575291156769
0.0051510543562471867
0.0064142169430851936
-0.010895543731749058
-0.016493184491991997
0.0074411453679203987
0.033775895833969116
0.03067060187458992
0.011960748583078384
-0.0074827577918767929
-0.016307452693581581
-0.0028490619733929634
0.0076311961747705936
0.017860250547528267
0.013594595715403557
0.00027495954418554902
-0.043040014803409576
-0.063005819916725159
-0.062430303543806076
-0.042406763881444931
0.00061731890309602022
0.008673827163875103
0.013101635500788689
0.0094600701704621315
-0.010619883425533772
-0.024042790755629539
-0.0017856226768344641
0.01203247532248497
0.0279818344861269
0.037232987582683563
0.006851675920188427
-0.019516941159963608
-0.0086516393348574638
0.0051968535408377647
-0.00068759731948375702
0.032319318503141403
0.040325313806533813
0.015109358355402946
-0.0072577577084302902
-0.00058503635227680206
0.0058283815160393715
0.0020076881628483534
0.031414851546287537
0.027237679809331894
-0.017420293763279915
-9.6433563157916069e-05
0.00037168210837990046
-0.014130579307675362
0.029452161863446236
-0.0016785142943263054
0.00027435878291726112
0.028860678896307945
0.0010331844678148627
0.0083279609680175781
0.0095213884487748146
-0.016987549141049385
0.0023378110490739346
0.025054169818758965
0.020037353038787842
0.012766484171152115
0.0049508675001561642
-0.0062180045060813427
-0.0061892168596386909
0.016542594879865646
0.026631871238350868
0.012583931908011436
0.012349298223853111
-0.0068245311267673969
-0.027280999347567558
-0.0088801570236682892
0.012336421757936478
0.026038335636258125
0.038346424698829651
0.0036672742571681738
-0.036572236567735672
-0.013761077076196671
0.0026293143164366484
0.00047892893780954182
0.024446584284305573
0.0037201542872935534
-0.069440312683582306
-0.078106589615345001
-0.07882796972990036
-0.070053122937679291
-0.00059928011614829302
0.011508624069392681
-0.0062732677906751633
0.0079069668427109718
-0.010644859634339809
-0.030690977349877357
0.013363523408770561
0.039967741817235947
0.026980508118867874
0.015277458354830742
-0.0084971049800515175
-0.026134004816412926
-0.0061104255728423595
0.011881925165653229
0.014224683865904808
0.029163321480154991
0.015391167253255844
-0.0079721212387084961
-0.004774162545800209
0.0045695407316088676
0.0089186709374189377
0.021683488041162491
0.02918725460767746
-0.00026306556537747383
-0.016773151233792305
0.011747836135327816
0.0028660462703555822
-0.0060620550066232681
0.01967686228454113
-0.00077850953675806522
0.0045160702429711819
0.006366826593875885
0.0069425562396645546
0.0069280378520488739
0.017458200454711914
0.01214743684977293
0.0012006913311779499
0.013829456642270088
0.025004018098115921
0.0063394233584403992
5.6513352319598198e-05
0.013161901384592056
0.010123620741069317
0.014043957926332951
0.017631933093070984
0.0077667823061347008
0.011553860269486904
0.011793379671871662
0.010884075425565243
0.021230220794677734
0.010224337689578533
0.0058062253519892693
0.029295714572072029
0.030908199027180672
0.021798064932227135
0.024146564304828644
-0.0044583468697965145
-0.041322492063045502
-0.037823993712663651
-0.042529527097940445
-0.036255322396755219
0.021568085998296738
0.018868869170546532
-0.04177059605717659
-0.050751592963933945
-0.047514699399471283
-0.0485035739839077
-0.014181069098412991
0.019102748483419418
0.030304111540317535
0.035221327096223831
0.033233806490898132
0.020191904157400131
0.01438568253070116
0.017382236197590828
0.013433236628770828
0.011397477239370346
0.011407936923205853
0.01285582035779953
0.019044497981667519
0.011218366213142872
0.009790174663066864
0.017596011981368065
0.0018036642577499151
0.0014305862132459879
0.023276058956980705
0.015566515736281872
-0.0010595476487651467
0.009761318564414978
0.01780112087726593
0.010622257366776466
0.0099259987473487854
0.0017481911927461624
0.0030747349373996258
0.014354784041643143
-0.0052476422861218452
0.020100746303796768
0.013187387026846409
0.0074570924043655396
0.019980728626251221
0.0016453003045171499
-0.0064199678599834442
0.016435218974947929
0.012330712750554085
0.0075816456228494644
0.024148555472493172
0.023511786013841629
0.018753474578261375
0.017152609303593636
0.01245002169162035
0.01570429652929306
0.01484016515314579
0.021351329982280731
0.026692558079957962
0.0075653474777936935
-8.0601035733707249e-05
0.0036306267138570547
0.0015377395320683718
0.013723155483603477
0.0043641654774546623
-0.042285528033971786
-0.058816749602556229
-0.031446546316146851
0.0026785677764564753
0.057103313505649567
0.12516342103481293
0.12764011323451996
0.05423363670706749
-0.003112149890512228
-0.010765459388494492
-0.028695598244667053
-0.048583675175905228
-0.010529952123761177
0.023912405595183372
0.0070575112476944923
0.0049034035764634609
0.010237002745270729
0.0053048715926706791
0.021470250561833382
0.02603810653090477
0.013687420636415482
0.011802308261394501
0.013461886905133724
0.019694132730364799
0.019771784543991089
0.021733090281486511
0.02578950859606266
0.010291743092238903
0.011030105873942375
0.016865257173776627
-0.005156530998647213
0.0022660093382000923
0.018939504399895668
0.0024728740099817514
0.014769220724701881
0.025785913690924644
-0.0045313662849366665
0.015289531089365482
0.025756189599633217
-0.0035191429778933525
0.023005345836281776
0.030602708458900452
0.0093784593045711517
0.018578110262751579
0.015869110822677612
-0.00082832743646577001
0.016942214220762253
0.032745543867349625
0.030921148136258125
0.028379028663039207
0.016857907176017761
0.0097483051940798759
0.017105134204030037
0.031773999333381653
0.039283562451601028
0.028703715652227402
0.02715701051056385
0.024491885676980019
0.0079787634313106537
0.017028994858264923
0.014451400376856327
-0.015753647312521935
-0.01005301158875227
0.0017539038090035319
-0.0035140332765877247
0.032087147235870361
0.096356905996799469
0.14466510713100433
0.16672573983669281
0.17654703557491302
0.18791024386882782
0.1696782261133194
0.13359309732913971
0.12713900208473206
0.089547105133533478
0.011987765319645405
-0.00050528999418020248
0.0081644915044307709
-0.0040382919833064079
0.016806723549962044
0.022450963035225868
0.0089204078540205956
0.026093199849128723
0.027748968452215195
0.02647709846496582
0.041235819458961487
0.031841985881328583
0.018654817715287209
0.011951335705816746
0.010312744416296482
0.026128318160772324
0.036001686006784439
0.035576213151216507
0.016991501674056053
-0.0050435904413461685
0.018147023394703865
0.02526036836206913
0.0034267222508788109
0.023574799299240112
0.020814897492527962
-0.0058969622477889061
0.02621777169406414
0.0367010198533535
0.013210732489824295
0.012845072895288467
0.038134526461362839
0.019983615726232529
0.019961768761277199
0.039912953972816467
0.023046204820275307
0.013747870922088623
0.026718776673078537
0.028105087578296661
0.02861565537750721
0.031488142907619476
0.028880851343274117
0.026091255247592926
0.035339273512363434
0.046785775572061539
0.040432032197713852
0.035659283399581909
0.028254108503460884
-0.0011597340926527977
-0.010896877385675907
0.0013839746825397015
0.011918981559574604
0.047037273645401001
0.087361253798007965
0.10339616239070892
0.11293676495552063
0.11580555140972137
0.10106474161148071
0.071740567684173584
0.044512443244457245
0.054243281483650208
0.072734743356704712
0.082241490483283997
0.11584381759166718
0.12928740680217743
0.10361957550048828
0.083601132035255432
0.050709981471300125
0.016353026032447815
0.012042727321386337
0.0027618878521025181
0.017568137496709824
0.050684157758951187
0.039544057101011276
0.039692029356956482
0.055372316390275955
0.032625924795866013
0.022988405078649521
0.033070653676986694
0.029085269197821617
0.031361076980829239
0.035150561481714249
0.027579376474022865
0.01166150625795126
0.015762794762849808
0.041210882365703583
0.03100280836224556
0.018797341734170914
0.032869964838027954
0.010219015181064606
0.0097598209977149963
0.03774648904800415
0.035435594618320465
0.031718946993350983
0.009104602038860321
0.032890740782022476
0.021155495196580887
0.01066872850060463
0.035683166235685349
0.026899514719843864
0.01658032089471817
0.027257125824689865
0.016898976638913155
0.014893702231347561
0.03515002503991127
0.042736966162919998
0.035157043486833572
0.031723406165838242
0.037301231175661087
0.023783884942531586
-0.0041070207953453064
-0.0023244917392730713
0.007798483595252037
0.0043870504014194012
0.027135906741023064
0.075910948216915131
0.11425596475601196
0.13453078269958496
0.13941384851932526
0.12694087624549866
0.087996207177639008
0.029620019719004631
-0.0094380583614110947
-0.014832007698714733
-0.016167262569069862
-0.012772937305271626
0.023611428216099739
0.072930164635181427
0.1034664660692215
0.12494333833456039
0.12987364828586578
0.102707639336586
0.072652988135814667
0.034536007791757584
-0.0085690570995211601
-0.0046890154480934143
0.0090376809239387512
-0.0020912305917590857
0.017681224271655083
0.037246633321046829
0.024388594552874565
0.035660035908222198
0.052249632775783539
0.034991484135389328
0.015657417476177216
0.015675641596317291
0.020383259281516075
0.017101598903536797
0.026742776855826378
0.035511869937181473
0.015406200662255287
0.020074332132935524
0.032373197376728058
0.011475176550447941
0.032633557915687561
0.039782647043466568
0.028844049200415611
0.036455325782299042
0.016497515141963959
0.03347015380859375
0.032484497874975204
0.021450487896800041
0.03221641480922699
0.021804634481668472
0.027127895504236221
0.050911508500576019
0.036201734095811844
0.022745303809642792
0.027540626004338264
0.027258032932877541
0.036764916032552719
0.044314116239547729
0.047573141753673553
0.047189731150865555
0.030575674027204514
0.05402866005897522
0.11954347044229507
0.15036921203136444
0.16131436824798584
0.17362114787101746
0.16041897237300873
0.14153479039669037
0.13359527289867401
0.1361057311296463
0.14184996485710144
0.12104254215955734
0.1211104542016983
0.16152031719684601
0.15067708492279053
0.11391113698482513
0.13140103220939636
0.13877186179161072
0.11920715868473053
0.13330861926078796
0.14616329967975616
0.15001845359802246
0.1735178530216217
0.16342903673648834
0.11158121377229691
0.070277929306030273
0.039250001311302185
0.027060702443122864
0.040867693722248077
0.044442091137170792
0.042217094451189041
0.043612044304609299
0.031907942146062851
0.018816273659467697
0.017653098329901695
0.033637057989835739
0.047953344881534576
0.033635690808296204
0.026466259732842445
0.029157837852835655
0.018505049869418144
0.030513299629092216
0.034533053636550903
0.019144050776958466
0.038996648043394089
0.031702268868684769
0.03028082475066185
0.032886512577533722
0.017998380586504936
0.027126913890242577
0.036549340933561325
0.035787977278232574
0.041922207921743393
0.025187136605381966
0.018063319846987724
0.036130063235759735
0.037132840603590012
0.041545454412698746
0.040754504501819611
0.023465963080525398
0.035096790641546249
0.043168418109416962
0.03530459851026535
0.067411944270133972
0.10910042375326157
0.12612950801849365
0.12769035995006561
0.10772077739238739
0.091819368302822113
0.078686155378818512
0.057414144277572632
0.056109197437763214
0.038265746086835861
0.00088687962852418423
0.0083435289561748505
0.032769042998552322
0.064508900046348572
0.11213298887014389
0.094858057796955109
0.04352356493473053
0.033025212585926056
0.0093375369906425476
-0.0026568621397018433
0.039665982127189636
0.054509565234184265
0.051382161676883698
0.081527695059776306
0.098732441663742065
0.10297781974077225
0.11834101378917694
0.1246429905295372
0.11199617385864258
0.072159938514232635
0.040058035403490067
0.044976390898227692
0.034998103976249695
0.017952969297766685
0.034128893166780472
0.043949957937002182
0.043271489441394806
0.04033515602350235
0.020579800009727478
0.02369256317615509
0.037574298679828644
0.032291822135448456
0.037463180720806122
0.030230429023504257
0.018404295668005943
0.033858031034469604
0.029779767617583275
0.028448643162846565
0.031422074884176254
0.013731062412261963
0.012518648058176041
0.021153289824724197
0.018748477101325989
0.033526662737131119
0.035637956112623215
0.017405632883310318
0.013595476746559143
0.013902043923735619
0.025960609316825867
0.040165774524211884
0.029949862509965897
0.029176516458392143
0.026912707835435867
0.0018600464100018144
0.010108259506523609
0.042238954454660416
0.028979498893022537
-0.0430295430123806
-0.12428352981805801
-0.14900688827037811
-0.13936272263526917
-0.13203330338001251
-0.10023333877325058
-0.096588388085365295
-0.1547187864780426
-0.17546346783638
-0.1435549408197403
-0.11870568245649338
-0.11130362749099731
-0.12735399603843689
-0.14466260373592377
-0.15541231632232666
-0.17473326623439789
-0.15044845640659332
-0.10100209712982178
-0.10636754333972931
-0.1277005672454834
-0.13985137641429901
-0.15238107740879059
-0.10567845404148102
-0.015654034912586212
0.039363186806440353
0.045201878994703293
0.015927664935588837
0.0047628385946154594
0.025054002180695534
0.023308781906962395
0.026498489081859589
0.045638807117938995
0.031353212893009186
0.014232593588531017
0.012119090184569359
0.012079003266990185
0.03257790207862854
0.03521500900387764
0.016558518633246422
0.020600453019142151
0.015447229146957397
0.012155237607657909
0.028934547677636147
0.025167509913444519
0.013352212496101856
0.028713712468743324
0.013364857994019985
0.00769051443785429
0.019040519371628761
0.0080120721831917763
0.015173926949501038
0.035808365792036057
0.028180930763483047
0.023302525281906128
0.019574403762817383
0.0084182638674974442
0.018132630735635757
0.025164604187011719
0.017037278041243553
0.017777426168322563
0.013421600684523582
-0.0117915328592062
-0.042690303176641464
-0.05427093431353569
-0.055271551012992859
-0.076992340385913849
-0.089281037449836731
-0.074040010571479797
-0.075249761343002319
-0.075589403510093689
-0.047552607953548431
-0.032302942126989365
-0.03160974383354187
-0.024853803217411041
-0.042592879384756088
-0.075163230299949646
-0.067041143774986267
-0.029703011736273766
-0.024094380438327789
-0.031710531562566757
-0.021830432116985321
-0.043203629553318024
-0.074354887008666992
-0.064709864556789398
-0.07782328873872757
-0.10637044906616211
-0.073540031909942627
-0.042640488594770432
-0.054870523512363434
-0.044913075864315033
-0.013413661159574986
0.0085368398576974869
0.017641974613070488
0.019044654443860054
0.028501471504569054
0.024311358109116554
0.0067027900367975235
0.013951011933386326
0.022744802758097649
0.027271166443824768
0.039035160094499588
0.021212708204984665
0.0043620015494525433
0.014718041755259037
0.0096960011869668961
0.013019138015806675
0.025973377749323845
0.010757165029644966
-0.016164224594831467
0.0088993646204471588
0.0058050770312547684
-0.0077735790982842445
0.0092520304024219513
0.0070869051851332188
-0.0025666474830359221
0.012392835691571236
0.0098915603011846542
0.0056518390774726868
0.01596410945057869
0.0057306750677525997
-0.0011439773952588439
0.0084390025585889816
0.00064065598417073488
-0.0054317694157361984
0.014137213118374348
0.019552227109670639
-0.013963710516691208
-0.019330592826008797
0.048145607113838196
0.10144192725419998
0.093970522284507751
0.092176884412765503
0.078827984631061554
0.027966508641839027
0.031425386667251587
0.096414178609848022
0.12561275064945221
0.099772445857524872
0.046981200575828552
0.010419265367090702
0.044318992644548416
0.099888868629932404
0.10902689397335052
0.11279793083667755
0.10206064581871033
0.042672593146562576
0.029022514820098877
0.080015495419502258
0.093179106712341309
0.090468019247055054
0.09993540495634079
0.047011479735374451
-0.021234869956970215
-0.0118695218116045
0.019761078059673309
0.012238881550729275
-0.00091542542213574052
0.0063775861635804176
0.0094720199704170227
-0.0023894030600786209
0.0036672460846602917
0.01822756789624691
0.011249628849327564
0.011189142242074013
0.012670816853642464
-0.0016321971779689193
0.0047994684427976608
0.0078895231708884239
-0.0060378341004252434
0.0077935736626386642
0.010594034567475319
-0.012417883612215519
-0.049663998186588287
-0.025391653180122375
-0.0072072297334671021
-0.03094714879989624
-0.026679361239075661
-0.015793783590197563
-0.02997979149222374
-0.017248161137104034
-0.0066932300105690956
-0.02616417407989502
-0.024023497477173805
-0.014687442220747471
-0.023839831352233887
-0.019130297005176544
-0.0093688052147626877
-0.022800466045737267
-0.02729320153594017
0.0014460436068475246
0.012608068063855171
-0.0072842687368392944
0.01123027503490448
0.051885697990655899
0.048492688685655594
0.044437147676944733
0.050446406006813049
0.012085836380720139
-0.0067012091167271137
0.042046342045068741
0.072746835649013519
0.047782830893993378
0.0068464512005448341
-0.0087110279127955437
0.020863540470600128
0.047179423272609711
0.045404404401779175
0.053623896092176437
0.041719593107700348
0.00060528441099449992
0.009800340048968792
0.047939419746398926
0.052982989698648453
0.057250548154115677
0.050594575703144073
0.008500855416059494
-0.0048467833548784256
0.017220059409737587
0.0080430619418621063
-0.020496778190135956
-0.019736800342798233
-0.0084560904651880264
-0.019580187276005745
-0.025792350992560387
-0.012996211647987366
-0.019120099022984505
-0.02532135508954525
-0.0091401087120175362
-0.018593726679682732
-0.029110820963978767
-0.01141056977212429
-0.023573756217956543
-0.032461259514093399
-0.0067189992405474186
-0.022101260721683502
-0.044740825891494751
-0.059944998472929001
-0.05541645735502243
-0.021056324243545532
-0.033350616693496704
-0.046656019985675812
-0.036342557519674301
-0.054155066609382629
-0.050515472888946533
-0.016005419194698334
-0.024726226925849915
-0.044939484447240829
-0.035838041454553604
-0.035898208618164062
-0.037744391709566116
-0.015769792720675468
-0.0051512559875845909
-0.021953977644443512
-0.019548913463950157
0.0066456054337322712
0.0043672840110957623
-0.0080815032124519348
0.013244439847767353
0.026470281183719635
0.014041200280189514
0.012757224030792713
0.012884324416518211
0.012214482761919498
0.031646724790334702
0.045974388718605042
0.037208855152130127
0.025020211935043335
0.026467027142643929
0.038288731127977371
0.040019046515226364
0.036811556667089462
0.041405994445085526
0.031011722981929779
0.013913386501371861
0.01416617538779974
0.013770186342298985
0.019479643553495407
0.030048321932554245
0.0085241580381989479
-0.01033520232886076
0.0061919246800243855
0.0047646523453295231
-0.019248930737376213
-0.019845612347126007
-0.0078428732231259346
-0.015673931688070297
-0.033341322094202042
-0.033833522349596024
-0.0330042764544487
-0.043162588030099869
-0.027509197592735291
-0.014994800090789795
-0.045356035232543945
-0.051153235137462616
-0.034614399075508118
-0.048271995037794113
-0.036942388862371445
-0.019476216286420822
-0.051611781120300293
-0.058840014040470123
-0.023490503430366516
-0.057059582322835922
-0.038289427757263184
-0.025236809626221657
-0.040582310408353806
-0.034929625689983368
-0.04683423787355423
-0.072076305747032166
-0.051134157925844193
-0.027787666767835617
-0.037345610558986664
-0.039107125252485275
-0.031475815922021866
-0.038175273686647415
-0.039339087903499603
-0.014404586516320705
-0.0010113834869116545
-0.022534953430294991
-0.024888567626476288
0.0015992969274520874
0.0086719188839197159
0.017097154632210732
0.038793306797742844
0.023693859577178955
-0.007502908818423748
-0.0034844484180212021
0.013367295265197754
0.01587197370827198
0.01324548851698637
0.01102866418659687
0.0090272817760705948
0.0094281462952494621
0.01058497279882431
0.014506343752145767
0.021573994308710098
0.019655490294098854
0.01327805407345295
0.013871018774807453
0.0021928730420768261
-0.0090047353878617287
0.017911739647388458
0.037127580493688583
0.016227660700678825
0.0084361238405108452
0.0025003503542393446
-0.02914045937359333
-0.031547155231237411
-0.0085042770951986313
-0.017543407157063484
-0.038799386471509933
-0.038053452968597412
-0.032629102468490601
-0.039376281201839447
-0.039309244602918625
-0.030038883909583092
-0.048824720084667206
-0.069798536598682404
-0.05070817843079567
-0.043518949300050735
-0.047360580414533615
-0.023817995563149452
-0.033158913254737854
-0.054821263998746872
-0.023949023336172104
0.045461710542440414
-0.0034264710266143084
-0.019216980785131454
0.0048594605177640915
-0.0062451567500829697
-0.013014255091547966
-0.0018273764289915562
-0.025562640279531479
-0.047599099576473236
-0.033445708453655243
-0.026581576094031334
-0.037894926965236664
-0.03773735836148262
-0.038356516510248184
-0.061218522489070892
-0.067011252045631409
-0.047668591141700745
-0.064897097647190094
-0.093792445957660675
-0.078559346497058868
-0.076707705855369568
-0.10118155926465988
-0.09055357426404953
-0.076515324413776398
-0.094500847160816193
-0.10195060819387436
-0.095406234264373779
-0.09791884571313858
-0.098731882870197296
-0.094641968607902527
-0.092679202556610107
-0.094619415700435638
-0.10111701488494873
-0.10090817511081696
-0.095143817365169525
-0.10034631192684174
-0.10413725674152374
-0.098780885338783264
-0.10209020227193832
-0.098517201840877533
-0.083532936871051788
-0.092829331755638123
-0.1008782759308815
-0.079097814857959747
-0.077774032950401306
-0.090150937438011169
-0.067016303539276123
-0.048902671784162521
-0.062494367361068726
-0.063732452690601349
-0.04729248583316803
-0.040520377457141876
-0.039356101304292679
-0.031392358243465424
-0.034095786511898041
-0.046504583209753036
-0.028258645907044411
-0.0055665383115410805
-0.016930785030126572
-0.0057372613810002804
0.012092472054064274
-0.017146002501249313
-0.0079428181052207947
0.042999304831027985
0.075232885777950287
0.062635622918605804
0.031630512326955795
0.045751281082630157
0.043937638401985168
0.017390143126249313
0.027386331930756569
0.038369838148355484
0.011823185719549656
-0.011583751067519188
-0.017452795058488846
-0.033427663147449493
-0.050935074687004089
-0.048299603164196014
-0.057006262242794037
-0.087607264518737793
-0.095915898680686951
-0.095843158662319183
-0.11566590517759323
-0.12064860016107559
-0.12029010802507401
-0.14310871064662933
-0.14801198244094849
-0.12680761516094208
-0.12160401046276093
-0.13427424430847168
-0.14414580166339874
-0.1441042572259903
-0.13852754235267639
-0.13888184726238251
-0.13986639678478241
-0.13412977755069733
-0.13430394232273102
-0.14192751049995422
-0.1454131007194519
-0.14347051084041595
-0.14308370649814606
-0.14877614378929138
-0.14316888153553009
-0.12115863710641861
-0.12402196228504181
-0.14948190748691559
-0.14308430254459381
-0.12152035534381866
-0.12192859500646591
-0.11252386868000031
-0.093673683702945709
-0.091562829911708832
-0.080586440861225128
-0.058748975396156311
-0.050182506442070007
-0.042534120380878448
-0.029071124270558357
-0.019031569361686707
-0.0080742500722408295
0.014421704225242138
0.037386156618595123
0.02968287467956543
0.021488672122359276
0.048796333372592926
0.049389064311981201
0.029517423361539841
0.060527339577674866
0.075189538300037384
0.029624404385685921
0.059237036854028702
0.034475401043891907
0.023380052298307419
0.034986604005098343
0.013516208156943321
-0.0062937121838331223
0.0096507798880338669
0.017975157126784325
-0.0021456633694469929
-0.018218994140625
-0.025588832795619965
-0.043893340975046158
-0.050507515668869019
-0.041058827191591263
-0.054277539253234863
-0.06592898815870285
-0.049265209585428238
-0.052508562803268433
-0.070891760289669037
-0.057008046656847
-0.039814390242099762
-0.04731016606092453
-0.050061538815498352
-0.048537719994783401
-0.06527382880449295
-0.081320270895957947
-0.074056774377822876
-0.064228415489196777
-0.074090808629989624
-0.086093053221702576
-0.078539915382862091
-0.064267762005329132
-0.066628538072109222
-0.076285764575004578
-0.069485194981098175
-0.062848590314388275
-0.074616976082324982
-0.069969005882740021
-0.045754089951515198
-0.044883359223604202
-0.048107769340276718
-0.037220083177089691
-0.054786019027233124
-0.076346509158611298
-0.059014435857534409
-0.053004328161478043
-0.066878773272037506
-0.053652878850698471
-0.039873618632555008
-0.043761186301708221
-0.035059619694948196
-0.023656370118260384
-0.018177876248955727
0.00033592691761441529
0.019288696348667145
0.011179079301655293
-0.0049544516950845718
0.01289982907474041
0.034212823957204819
0.020731937140226364
0.034289974719285965
0.066124603152275085
0.031788602471351624
-0.025345921516418457
0.0060210027731955051
0.0048155775293707848
-0.01557505875825882
-0.0024670795537531376
0.0074553601443767548
-0.01400891225785017
-0.022108456119894981
0.0012740915408357978
0.017748769372701645
0.016488108783960342
0.022041825577616692
0.026577306911349297
0.023861890658736229
0.032011166214942932
0.039188548922538757
0.043965548276901245
0.065402798354625702
0.072090156376361847
0.052433297038078308
0.052307706326246262
0.063642784953117371
0.055752381682395935
0.055553853511810303
0.070479348301887512
0.070530995726585388
0.06164836511015892
0.061458557844161987
0.062720745801925659
0.06155434250831604
0.061425488442182541
0.064429424703121185
0.069617681205272675
0.063740454614162445
0.048842962831258774
0.052083678543567657
0.068393617868423462
0.072563402354717255
0.073010928928852081
0.070580735802650452
0.057427115738391876
0.058105308562517166
0.066336393356323242
0.053302168846130371
0.051003888249397278
0.071183420717716217
0.066036507487297058
0.042885594069957733
0.034926235675811768
0.029337778687477112
0.022408423945307732
0.02040206640958786
0.016382873058319092
0.016448277980089188
0.017443647608160973
0.0022728175390511751
-0.018289947882294655
-0.01562926359474659
0.0032511560712009668
-0.0034578670747578144
-0.016993671655654907
0.006410554051399231
0.0086193326860666275
-0.031720608472824097
-0.033810775727033615
-0.023526282981038094
0.0060572265647351742
0.016023607924580574
0.025693871080875397
0.050898745656013489
0.062499675899744034
0.052378889173269272
0.057971037924289703
0.087173148989677429
0.10393188893795013
0.10917146503925323
0.1253446489572525
0.13903257250785828
0.14511512219905853
0.15359297394752502
0.1582498699426651
0.16163429617881775
0.1704397052526474
0.17547552287578583
0.16950707137584686
0.153248131275177
0.13806590437889099
0.14110234379768372
0.15646764636039734
0.17153622210025787
0.18300467729568481
0.17753389477729797
0.16000273823738098
0.16078720986843109
0.17630520462989807
0.17838780581951141
0.16870005428791046
0.16000461578369141
0.15520493686199188
0.16160847246646881
0.17651337385177612
0.18257586658000946
0.17327158153057098
0.1559440940618515
0.14260080456733704
0.14250040054321289
0.15305799245834351
0.16870439052581787
0.18035182356834412
0.17517231404781342
0.16391085088253021
0.1594376415014267
0.15152785181999207
0.14181575179100037
0.13523733615875244
0.12008322030305862
0.10751435905694962
0.10439255088567734
0.084864765405654907
0.056594934314489365
0.049625415354967117
0.055624742060899734
0.048523623496294022
0.027410175651311874
0.016819043084979057
0.0071124737150967121
-0.029402362182736397
-0.043543968349695206
-0.014660286717116833
-0.019522819668054581
-0.0010234414367005229
0.019011599943041801
0.025774529203772545
0.037590567022562027
0.059537660330533981
0.063637621700763702
0.051329202950000763
0.059815738350152969
0.078773364424705505
0.079366631805896759
0.078321807086467743
0.085278190672397614
0.089114673435688019
0.096091911196708679
0.099919229745864868
0.08866545557975769
0.082170836627483368
0.091907672584056854
0.1013459637761116
0.10570941120386124
0.11014243960380554
0.10370643436908722
0.083249121904373169
0.073906049132347107
0.087811321020126343
0.10064420104026794
0.097916774451732635
0.092205069959163666
0.087302587926387787
0.079333923757076263
0.07836584746837616
0.092294365167617798
0.10804638266563416
0.10820117592811584
0.094701915979385376
0.081067577004432678
0.074639484286308289
0.08173767477273941
0.10020381212234497
0.10840436071157455
0.10231988131999969
0.09971165657043457
0.093120969831943512
0.079595893621444702
0.085620731115341187
0.10202080011367798
0.099793285131454468
0.092434875667095184
0.089332923293113708
0.082548037171363831
0.081534631550312042
0.077200576663017273
0.058158561587333679
0.049653731286525726
0.057419072836637497
0.056243415921926498
0.041583247482776642
0.027356334030628204
0.019499199464917183
0.0009654957102611661
-0.023692935705184937
-0.014494185335934162
-0.00013702042633667588
-0.0083054061979055405
-0.029000341892242432
-0.051107864826917648
-0.061324100941419601
-0.064890503883361816
-0.063398689031600952
-0.061592906713485718
-0.077116504311561584
-0.093183815479278564
-0.086362279951572418
-0.081090919673442841
-0.092202983796596527
-0.10256142914295197
-0.10654617100954056
-0.10541235655546188
-0.0992388054728508
-0.094261512160301208
-0.092412091791629791
-0.092944897711277008
-0.090810328722000122
-0.074747286736965179
-0.053254038095474243
-0.048158027231693268
-0.059423282742500305
-0.073185309767723083
-0.081074327230453491
-0.075750663876533508
-0.060718998312950134
-0.056275941431522369
-0.067704588174819946
-0.075484871864318848
-0.06874210387468338
-0.05616152286529541
-0.051705196499824524
-0.063080616295337677
-0.078751683235168457
-0.080999761819839478
-0.072554007172584534
-0.061913538724184036
-0.052100487053394318
-0.055449310690164566
-0.074647463858127594
-0.09090878814458847
-0.095958925783634186
-0.095518834888935089
-0.094619020819664001
-0.099697358906269073
-0.10591071844100952
-0.10538274794816971
-0.1018998846411705
-0.091823436319828033
-0.079775251448154449
-0.083638735115528107
-0.087589308619499207
-0.072670571506023407
-0.058858007192611694
-0.055615704506635666
-0.057743806391954422
-0.060731001198291779
-0.048922117799520493
-0.027748953551054001
-0.010338673368096352
0.007068936713039875
0.00097516248933970928
-0.0016447260277345777
-0.0086303772404789925
-0.039279952645301819
-0.064989529550075531
-0.071217209100723267
-0.075106635689735413
-0.076009973883628845
-0.082224152982234955
-0.10339123755693436
-0.11299046874046326
-0.10378016531467438
-0.10301220417022705
-0.10984022915363312
-0.11067124456167221
-0.11426223814487457
-0.12110760062932968
-0.11357011646032333
-0.094441875815391541
-0.089231699705123901
-0.10205428302288055
-0.11445070058107376
-0.11872415989637375
-0.1101105809211731
-0.084343746304512024
-0.064634092152118683
-0.07465711236000061
-0.096153862774372101
-0.10111764073371887
-0.08967570960521698
-0.074188344180583954
-0.064170323312282562
-0.068112336099147797
-0.085312068462371826
-0.10172778367996216
-0.10328664630651474
-0.088899955153465271
-0.070779182016849518
-0.065851315855979919
-0.08152596652507782
-0.1050446555018425
-0.11605941504240036
-0.11134142428636551
-0.10121896117925644
-0.091562777757644653
-0.092083409428596497
-0.11128006130456924
-0.12739595770835876
-0.12042173743247986
-0.11256786435842514
-0.11501036584377289
-0.10811161249876022
-0.10196773707866669
-0.10837159305810928
-0.10237084329128265
-0.084209449589252472
-0.074815861880779266
-0.072420112788677216
-0.074058450758457184
-0.066254816949367523
-0.035883765667676926
-0.011816155165433884
-0.0039463546127080917
0.0084198666736483574
0.0052284635603427887
0.0012907723430544138
0.028554186224937439
0.045799952000379562
0.031623300164937973
0.022390097379684448
0.026607498526573181
0.035458996891975403
0.046014130115509033
0.039619296789169312
0.022692030295729637
0.023591697216033936
0.033042415976524353
0.032012756913900375
0.032724402844905853
0.037494037300348282
0.027854524552822113
0.0091208778321743011
0.0025607743300497532
0.0051713841967284679
0.0015614526346325874
-0.0097905742004513741
-0.0224910918623209
-0.028984049335122108
-0.024023914709687233
-0.012102200649678707
-0.0034086708910763264
-0.0070434347726404667
-0.020178325474262238
-0.024440685287117958
-0.015604004263877869
-0.011711829341948032
-0.018150914460420609
-0.02434174157679081
-0.02425256185233593
-0.015926912426948547
-0.0062778727151453495
-0.0066076521761715412
-0.012826418504118919
-0.018931351602077484
-0.026200871914625168
-0.025127174332737923
-0.010765272192656994
0.0022167288698256016
0.0058760684914886951
0.0056360987946391106
0.010193649679422379
0.026702899485826492
0.041121691465377808
0.036731366068124771
0.030312743037939072
0.031361624598503113
0.023899460211396217
0.018578531220555305
0.02998662181198597
0.038234144449234009
0.032969199120998383
0.02224557101726532
0.016705777496099472
0.032988894730806351
0.045859627425670624
0.021913640201091766
0.0018894716631621122
0.0077929496765136719
0.012868989259004593
0.003466219175606966
0.0079252514988183975
0.038001682609319687
0.046901993453502655
0.035592149943113327
0.030174825340509415
0.033378921449184418
0.048721034079790115
0.060719773173332214
0.047708094120025635
0.035832643508911133
0.045519545674324036
0.047142412513494492
0.03352506086230278
0.034609377384185791
0.044442351907491684
0.03372018039226532
0.01389496773481369
0.01178231555968523
0.021932972595095634
0.028687125071883202
0.030755553394556046
0.025443807244300842
0.0071221468970179558
-0.010028772056102753
-0.0039429673925042152
0.016277577728033066
0.022919770330190659
0.012145769782364368
-0.0030473861843347549
-0.013797490857541561
-0.010232971049845219
0.0068819457665085793
0.019916139543056488
0.019300101324915886
0.0080321161076426506
-0.006268936675041914
-0.0087114879861474037
0.005415051244199276
0.02117215096950531
0.028531778603792191
0.0292177964001894
0.023567378520965576
0.014271795749664307
0.014395240694284439
0.032174635678529739
0.047724030911922455
0.0405719093978405
0.034156098961830139
0.047267202287912369
0.050001874566078186
0.037544284015893936
0.044633928686380386
0.059987787157297134
0.052639570087194443
0.036079030483961105
0.029494168236851692
0.038110945373773575
0.049927666783332825
0.031689666211605072
0.0026862341910600662
0.0076005458831787109
0.0097929006442427635
-0.00097364978864789009
0.0060119908303022385
-0.017147889360785484
-0.019824905321002007
-0.0043279803358018398
-0.0029602572321891785
-0.013498421758413315
-0.025433463975787163
-0.022929394617676735
-0.0029698549769818783
-0.00010049447882920504
-0.019685760140419006
-0.021704934537410736
-0.0079867970198392868
-0.011419647373259068
-0.01928388886153698
-0.0086196791380643845
0.00276994239538908
0.0014169609639793634
0.0029134694486856461
0.011573697440326214
0.014333941042423248
0.010352215729653835
0.0092492261901497841
0.010365996509790421
0.0057708248496055603
-0.0014858086360618472
-0.00097131897928193212
0.0054137581028044224
0.0078303264454007149
0.0073596760630607605
0.010440737940371037
0.013697718270123005
0.011410871520638466
0.0066717048175632954
0.0036219148896634579
0.0022460944019258022
0.0031583420932292938
0.0049280929379165173
0.0054053133353590965
0.0085324300453066826
0.014328447170555592
0.015169999562203884
0.0098734507337212563
0.003258861368522048
-0.00042229844257235527
-0.0013035679003223777
-0.0092724114656448364
-0.020850794389843941
-0.015956826508045197
-0.0071507692337036133
-0.016731668263673782
-0.017828023061156273
0.0020269765518605709
0.0031414991244673729
-0.018373338505625725
-0.02616097591817379
-0.013240606524050236
0.0016274941153824329
-0.0052071493119001389
-0.025819519534707069
-0.013928733766078949
0.012530502863228321
-0.0020070697646588087
-0.016531741246581078
0.00080921256449073553
0.0024827760644257069
-0.010342339053750038
-0.0073670442216098309
0.0024797075893729925
0.0064733214676380157
-0.0018182792700827122
-0.015844710171222687
-0.0064469724893569946
0.017783127725124359
0.012784296646714211
-0.01007976196706295
-0.006980452686548233
0.011130772531032562
0.013335268944501877
0.010388845577836037
0.016433099284768105
0.017253762111067772
0.006613513920456171
-0.00036261780769564211
0.0028665487188845873
0.0070796571671962738
0.0092161763459444046
0.014993714168667793
0.020001715049147606
0.014516646042466164
0.0045218938030302525
0.0020038813818246126
0.0057485206052660942
0.011906887404620647
0.018477503210306168
0.016487652435898781
0.0060230563394725323
0.00151031743735075
0.004810970276594162
0.0080035729333758354
0.013161209411919117
0.018481133505702019
0.016134981065988541
0.01041130255907774
0.0059156464412808418
-0.0002962439029943198
-0.0021445716265588999
0.0065969987772405148
0.016731821000576019
0.017513161525130272
0.012806592509150505
0.013069605454802513
0.010917454957962036
-0.0058110137470066547
-0.012951625511050224
0.0079155592247843742
0.016627805307507515
-0.007336135022342205
-0.019832001999020576
-0.0038255350664258003
0.010437784716486931
0.0056270183995366096
-0.01033505517989397
-0.0089756371453404427
0.011928372085094452
0.0044122627004981041
-0.016539521515369415
-0.0040569980628788471
-0.011159523390233517
0.0061661680229008198
0.011051872745156288
0.0058832038193941116
0.0044697406701743603
0.012131046503782272
0.019420541822910309
0.0054164170287549496
-0.010048611089587212
0.0087933018803596497
0.032667037099599838
0.020430184900760651
0.0010721583385020494
0.0047295680269598961
0.0073924786411225796
-0.0020003924146294594
-0.0011871431488543749
0.0084835654124617577
0.0065032993443310261
-0.0035398318432271481
-0.0047906883992254734
0.0027936676051467657
0.0062770103104412556
0.0017136402893811464
-0.00057533103972673416
0.0048779500648379326
0.010700784623622894
0.011758730746805668
0.0088500604033470154
0.0018699904903769493
-0.0049563134089112282
-0.0038574319332838058
0.0042883032001554966
0.010693664662539959
0.010107612237334251
0.0054764486849308014
0.0028155781328678131
0.0037641131784766912
0.0053475280292332172
0.0044166035950183868
0.00041745070484466851
-0.0027913257945328951
-0.00097073393408209085
0.0042311414144933224
0.0062543521635234356
0.002333776094019413
0.0005825357511639595
0.0054978043772280216
0.0050546866841614246
0.0021858364343643188
0.017313672229647636
0.030305849388241768
0.0089800767600536346
-0.012669404037296772
0.0018355982610955834
0.02088392898440361
0.015356007032096386
0.0011210006196051836
-0.00012406549649313092
0.012546572834253311
0.0083801327273249626
-0.016608139500021935
-0.0081394361332058907
0.01415667962282896
-0.0094602815806865692
-0.016233518719673157
-0.0064990920946002007
0.00029461435042321682
-0.0049323262646794319
-0.012916511856019497
-0.0046380236744880676
0.0033769416622817516
-0.013882588595151901
-0.02625410258769989
-0.0069052162580192089
0.0092809293419122696
-0.00078648747876286507
-0.010016847401857376
-0.007893209345638752
-0.010391074232757092
-0.015004953369498253
-0.0089477319270372391
0.0046108202077448368
0.012623993679881096
0.0076544499024748802
-0.0030925360042601824
-0.0082368645817041397
-0.0079714842140674591
-0.005113605409860611
0.00032129080500453711
0.0020945363212376833
-0.00059198541566729546
0.00085976254194974899
0.0037563852965831757
0.0022312935907393694
0.0031847229693084955
0.0060534039512276649
0.0020312159322202206
-0.001074937405064702
0.0044095613993704319
0.0052948952652513981
-0.0045203724876046181
-0.011421953327953815
-0.0080116540193557739
0.0014291680417954922
0.010917071253061295
0.011529725976288319
0.00094210938550531864
-0.0099181449040770531
-0.013691787607967854
-0.012996467761695385
-0.011890048161149025
-0.009225660003721714
0.0015987273072823882
0.010813952423632145
-0.0036214031279087067
-0.023519514128565788
-0.014297564513981342
0.0032362695783376694
-0.0032109112944453955
-0.014959633350372314
-0.0119278309866786
-0.0038072806783020496
-0.005806374829262495
-0.019593846052885056
-0.014875518158078194
0.014002556912600994
0.014177897945046425
0.010353391058743
-0.011986171826720238
-0.019640073180198669
-0.0058024637401103973
0.0080414433032274246
-0.00025411788374185562
-0.011149476282298565
-0.00031998998019844294
0.0059214392676949501
-0.0091879004612565041
-0.01212613470852375
0.0038065516855567694
0.0057100169360637665
-0.0036450214684009552
0.0044101616367697716
0.022751927375793457
0.024760544300079346
0.0083378590643405914
-0.0069336001761257648
-0.0071699023246765137
0.00089249887969344854
0.0054758395999670029
0.0085795726627111435
0.013069973327219486
0.012562507763504982
0.0050959205254912376
-0.0034174704924225807
-0.0073320078663527966
-0.0039603062905371189
0.002601932268589735
0.0045970045030117035
0.0012779472162947059
-0.0033539682626724243
-0.0065356176346540451
-0.0053621395491063595
-0.00090429116971790791
0.0022429949603974819
0.0054736561141908169
0.01102723740041256
0.013141341507434845
0.0071793007664382458
-0.0029419921338558197
-0.0085046840831637383
-0.0014878000365570188
0.014856336638331413
0.025416690856218338
0.020410530269145966
0.0060179498977959156
-0.0015676799230277538
0.0024995768908411264
0.00027224281802773476
-0.012080755084753036
-0.0092561235651373863
0.0062109455466270447
0.0041622049175202847
-0.0054476698860526085
0.0010236154776066542
0.0078174956142902374
-0.00074800965376198292
-0.013073679059743881
-0.0094929682090878487
0.014100207015872002
0.019579268991947174
0.0031048962846398354
0.022717505693435669
0.017470140010118484
-0.0064020450226962566
-0.017675632610917091
-8.3785154856741428e-05
0.018153181299567223
0.0098432209342718124
-0.0025074263103306293
-0.00081615918315947056
-0.0039735604077577591
-0.0098302280530333519
0.0015921421581879258
0.012686292640864849
-0.00074705504812300205
-0.021552778780460358
-0.022908959537744522
-0.0049925260245800018
0.012041918002068996
0.0097631728276610374
-0.0055972258560359478
-0.01183981541544199
-0.0049817664548754692
0.0022174348123371601
0.0040479684248566628
0.0013840144965797663
-0.0020109906326979399
0.00082742737140506506
0.0065144272521138191
0.0048529701307415962
-0.00084848131518810987
-0.0025480634067207575
-0.0020705426577478647
0.00094285246450453997
0.0078269531950354576
0.0076475515961647034
-0.0030765794217586517
-0.0067437603138387203
0.00334545923396945
0.0096019711345434189
0.0018789618043228984
-0.010264772921800613
-0.01392191369086504
-0.0029960263054817915
0.012662696652114391
0.011125272139906883
-0.0093970708549022675
-0.024274753406643867
-0.01836768351495266
-0.0008659993764013052
0.0089460918679833412
0.0018635820597410202
-0.0076465639285743237
-0.0056979618966579437
-0.0024003083817660809
-3.7388352211564779e-05
0.010852332226932049
0.01422429271042347
-0.0019107996486127377
-0.013202243484556675
-0.0025478238239884377
0.018005210906267166
0.023757521063089371
0.0020275565329939127
